# |V2_eg|^2  w_eg  |V2_t2g|^2  w_t2g
4.49625706e-02 -9.10232908e+00 9.70243330e-02 -9.08885466e+00
1.38688855e-01 -7.28067041e+00 3.09554396e-01 -7.31074527e+00
5.06146021e-01 -5.73851971e+00 6.72827006e-01 -5.87768964e+00
2.22548712e+00 -4.16876034e+00 4.37609735e-01 -4.34867980e+00
9.32000492e-01 -2.60813018e+00 1.53770616e-01 -2.70025010e+00
1.91235387e-01 -1.36311154e+00 2.17180543e-02 -1.24379286e+00
1.25916485e-01 1.11535492e+00 1.37767526e-02 1.00127889e+00
5.81194810e-02 2.05939591e+00 8.99922044e-03 2.29472076e+00
6.82326015e-03 4.09658408e+00 5.39046673e-03 4.14016357e+00
