  0.00000000E+00  0.79032629E+01
  0.21267991E-01  0.78960741E+01
  0.42535982E-01  0.78756057E+01
  0.63803972E-01  0.78444040E+01
  0.85071963E-01  0.78051661E+01
  0.10633995E+00  0.77600536E+01
  0.12760794E+00  0.77106162E+01
  0.14887594E+00  0.76579358E+01
  0.17014393E+00  0.76027806E+01
  0.19141192E+00  0.75457160E+01
  0.21267991E+00  0.74871771E+01
  0.23394790E+00  0.74275132E+01
  0.25521589E+00  0.73670161E+01
  0.27648388E+00  0.73059377E+01
  0.29775187E+00  0.72445010E+01
  0.31901986E+00  0.71829081E+01
  0.34028785E+00  0.71213445E+01
  0.36155584E+00  0.70599826E+01
  0.38282383E+00  0.69989842E+01
  0.40409183E+00  0.69385017E+01
  0.42535982E+00  0.68786792E+01
  0.44662781E+00  0.68196535E+01
  0.46789580E+00  0.67615545E+01
  0.48916379E+00  0.67045053E+01
  0.51043178E+00  0.66486228E+01
  0.53169977E+00  0.65940178E+01
  0.55296776E+00  0.65407950E+01
  0.57423575E+00  0.64890532E+01
  0.59550374E+00  0.64388857E+01
  0.61677173E+00  0.63903798E+01
  0.63803972E+00  0.63436178E+01
  0.65930771E+00  0.62986766E+01
  0.68057571E+00  0.62556281E+01
  0.70184370E+00  0.62145393E+01
  0.72311169E+00  0.61754728E+01
  0.74437968E+00  0.61384868E+01
  0.76564767E+00  0.61036354E+01
  0.78691566E+00  0.60709688E+01
  0.80818365E+00  0.60405336E+01
  0.82945164E+00  0.60123727E+01
  0.85071963E+00  0.59865256E+01
  0.87198762E+00  0.59630286E+01
  0.89325561E+00  0.59419147E+01
  0.91452360E+00  0.59232134E+01
  0.93579160E+00  0.59069513E+01
  0.95705959E+00  0.58931514E+01
  0.97832758E+00  0.58818333E+01
  0.99959557E+00  0.58730133E+01
  0.10208636E+01  0.58667042E+01
  0.10421315E+01  0.58629150E+01
  0.10633995E+01  0.58616514E+01
  0.10847502E+01  0.58642472E+01
  0.11061010E+01  0.58720293E+01
  0.11274517E+01  0.58849810E+01
  0.11488024E+01  0.59030748E+01
  0.11701531E+01  0.59262720E+01
  0.11915038E+01  0.59545231E+01
  0.12128545E+01  0.59877676E+01
  0.12342052E+01  0.60259344E+01
  0.12555559E+01  0.60689418E+01
  0.12769066E+01  0.61166981E+01
  0.12982573E+01  0.61691023E+01
  0.13196080E+01  0.62260444E+01
  0.13409587E+01  0.62874064E+01
  0.13623094E+01  0.63530633E+01
  0.13836601E+01  0.64228843E+01
  0.14050109E+01  0.64967336E+01
  0.14263616E+01  0.65744716E+01
  0.14477123E+01  0.66559563E+01
  0.14690630E+01  0.67410437E+01
  0.14904137E+01  0.68295889E+01
  0.15117644E+01  0.69214463E+01
  0.15331151E+01  0.70164703E+01
  0.15544658E+01  0.71145144E+01
  0.15758165E+01  0.72154316E+01
  0.15971672E+01  0.73190736E+01
  0.16185179E+01  0.74252897E+01
  0.16398686E+01  0.75339262E+01
  0.16612193E+01  0.76448256E+01
  0.16825700E+01  0.77578257E+01
  0.17039208E+01  0.78727591E+01
  0.17252715E+01  0.79894530E+01
  0.17466222E+01  0.81077289E+01
  0.17679729E+01  0.82274029E+01
  0.17893236E+01  0.83482860E+01
  0.18106743E+01  0.84701847E+01
  0.18320250E+01  0.85929008E+01
  0.18533757E+01  0.87162322E+01
  0.18747264E+01  0.88399714E+01
  0.18960771E+01  0.89639051E+01
  0.19174278E+01  0.90878119E+01
  0.19387785E+01  0.92114594E+01
  0.19601292E+01  0.93346002E+01
  0.19814799E+01  0.94569672E+01
  0.20028307E+01  0.95782681E+01
  0.20241814E+01  0.96981788E+01
  0.20455321E+01  0.98163365E+01
  0.20668828E+01  0.99323334E+01
  0.20882335E+01  0.10045709E+02
  0.21095842E+01  0.10155943E+02
  0.21309349E+01  0.10262448E+02
  0.21522856E+01  0.10364566E+02
  0.21736363E+01  0.10461557E+02
  0.21949870E+01  0.10552597E+02
  0.22163377E+01  0.10636773E+02
  0.22376884E+01  0.10713084E+02
  0.22590391E+01  0.10780453E+02
  0.22803898E+01  0.10837749E+02
  0.23017406E+01  0.10883841E+02
  0.23230913E+01  0.10917671E+02
  0.23444420E+01  0.10938363E+02
  0.23657927E+01  0.10945329E+02
  0.23869740E+01  0.10934140E+02
  0.24081553E+01  0.10901413E+02
  0.24293366E+01  0.10849385E+02
  0.24505180E+01  0.10781037E+02
  0.24716993E+01  0.10699461E+02
  0.24928806E+01  0.10607465E+02
  0.25140619E+01  0.10507421E+02
  0.25352433E+01  0.10401261E+02
  0.25564246E+01  0.10290538E+02
  0.25776059E+01  0.10176497E+02
  0.25987872E+01  0.10060145E+02
  0.26199686E+01  0.99423041E+01
  0.26411499E+01  0.98236565E+01
  0.26623312E+01  0.97047744E+01
  0.26835125E+01  0.95861443E+01
  0.27046939E+01  0.94681849E+01
  0.27258752E+01  0.93512606E+01
  0.27470565E+01  0.92356910E+01
  0.27682378E+01  0.91217584E+01
  0.27894192E+01  0.90097140E+01
  0.28106005E+01  0.88997815E+01
  0.28317818E+01  0.87921608E+01
  0.28529631E+01  0.86870309E+01
  0.28741445E+01  0.85845516E+01
  0.28953258E+01  0.84848661E+01
  0.29165071E+01  0.83881018E+01
  0.29376884E+01  0.82943726E+01
  0.29588698E+01  0.82037796E+01
  0.29800511E+01  0.81164128E+01
  0.30012324E+01  0.80323515E+01
  0.30224137E+01  0.79516657E+01
  0.30435951E+01  0.78744166E+01
  0.30647764E+01  0.78006570E+01
  0.30859577E+01  0.77304319E+01
  0.31071390E+01  0.76637782E+01
  0.31283204E+01  0.76007248E+01
  0.31495017E+01  0.75412923E+01
  0.31706830E+01  0.74854929E+01
  0.31918643E+01  0.74333291E+01
  0.32130457E+01  0.73847939E+01
  0.32342270E+01  0.73398693E+01
  0.32554083E+01  0.72985261E+01
  0.32765896E+01  0.72607228E+01
  0.32977710E+01  0.72264051E+01
  0.33189523E+01  0.71955049E+01
  0.33401336E+01  0.71679402E+01
  0.33613149E+01  0.71436142E+01
  0.33824963E+01  0.71224153E+01
  0.34036776E+01  0.71042170E+01
  0.34248589E+01  0.70888779E+01
  0.34460402E+01  0.70762424E+01
  0.34672216E+01  0.70661408E+01
  0.34884029E+01  0.70583907E+01
  0.35095842E+01  0.70527979E+01
  0.35307655E+01  0.70491581E+01
  0.35519469E+01  0.70472583E+01
  0.35731282E+01  0.70468791E+01
  0.35943095E+01  0.70477970E+01
  0.36154908E+01  0.70497866E+01
  0.36366722E+01  0.70526234E+01
  0.36578535E+01  0.70560869E+01
  0.36790348E+01  0.70599628E+01
  0.37002161E+01  0.70640467E+01
  0.37213975E+01  0.70681463E+01
  0.37425788E+01  0.70720846E+01
  0.37637601E+01  0.70757022E+01
  0.37849414E+01  0.70788599E+01
  0.38061227E+01  0.70814408E+01
  0.38273041E+01  0.70833519E+01
  0.38484854E+01  0.70845258E+01
  0.38696667E+01  0.70849217E+01
  0.38911506E+01  0.70855786E+01
  0.39126346E+01  0.70875499E+01
  0.39341185E+01  0.70908370E+01
  0.39556024E+01  0.70954425E+01
  0.39770863E+01  0.71013696E+01
  0.39985702E+01  0.71086220E+01
  0.40200541E+01  0.71172038E+01
  0.40415380E+01  0.71271193E+01
  0.40630220E+01  0.71383725E+01
  0.40845059E+01  0.71509670E+01
  0.41059898E+01  0.71649061E+01
  0.41274737E+01  0.71801922E+01
  0.41489576E+01  0.71968271E+01
  0.41704415E+01  0.72148120E+01
  0.41919254E+01  0.72341472E+01
  0.42134094E+01  0.72548325E+01
  0.42348933E+01  0.72768676E+01
  0.42563772E+01  0.73002515E+01
  0.42778611E+01  0.73249835E+01
  0.42993450E+01  0.73510629E+01
  0.43208289E+01  0.73784890E+01
  0.43423129E+01  0.74072615E+01
  0.43637968E+01  0.74373802E+01
  0.43852807E+01  0.74688452E+01
  0.44067646E+01  0.75016563E+01
  0.44282485E+01  0.75358135E+01
  0.44497324E+01  0.75713158E+01
  0.44712163E+01  0.76081618E+01
  0.44927003E+01  0.76463488E+01
  0.45141842E+01  0.76858728E+01
  0.45356681E+01  0.77267278E+01
  0.45571520E+01  0.77689060E+01
  0.45786359E+01  0.78123970E+01
  0.46001198E+01  0.78571881E+01
  0.46216037E+01  0.79032629E+01
  0.46428717E+01  0.78711394E+01
  0.46641397E+01  0.78401791E+01
  0.46854077E+01  0.78104013E+01
  0.47066757E+01  0.77818243E+01
  0.47279437E+01  0.77544651E+01
  0.47492117E+01  0.77283392E+01
  0.47704797E+01  0.77034616E+01
  0.47917477E+01  0.76798459E+01
  0.48130157E+01  0.76575052E+01
  0.48342837E+01  0.76364516E+01
  0.48555516E+01  0.76166969E+01
  0.48768196E+01  0.75982519E+01
  0.48980876E+01  0.75811272E+01
  0.49193556E+01  0.75653327E+01
  0.49406236E+01  0.75508775E+01
  0.49618916E+01  0.75377706E+01
  0.49831596E+01  0.75260200E+01
  0.50044276E+01  0.75156332E+01
  0.50256956E+01  0.75066169E+01
  0.50469636E+01  0.74989773E+01
  0.50682316E+01  0.74927193E+01
  0.50894995E+01  0.74878475E+01
  0.51107675E+01  0.74843652E+01
  0.51320355E+01  0.74822748E+01
  0.51533035E+01  0.74815778E+01
  
  0.00000000E+00  0.79032634E+01
  0.21267991E-01  0.79040018E+01
  0.42535982E-01  0.79062144E+01
  0.63803972E-01  0.79098901E+01
  0.85071963E-01  0.79150117E+01
  0.10633995E+00  0.79215548E+01
  0.12760794E+00  0.79294888E+01
  0.14887594E+00  0.79387770E+01
  0.17014393E+00  0.79493768E+01
  0.19141192E+00  0.79612401E+01
  0.21267991E+00  0.79743138E+01
  0.23394790E+00  0.79885396E+01
  0.25521589E+00  0.80038547E+01
  0.27648388E+00  0.80201920E+01
  0.29775187E+00  0.80374801E+01
  0.31901986E+00  0.80556436E+01
  0.34028785E+00  0.80746036E+01
  0.36155584E+00  0.80942778E+01
  0.38282383E+00  0.81145810E+01
  0.40409183E+00  0.81354255E+01
  0.42535982E+00  0.81567216E+01
  0.44662781E+00  0.81783781E+01
  0.46789580E+00  0.82003029E+01
  0.48916379E+00  0.82224038E+01
  0.51043178E+00  0.82445887E+01
  0.53169977E+00  0.82667662E+01
  0.55296776E+00  0.82888464E+01
  0.57423575E+00  0.83107410E+01
  0.59550374E+00  0.83323635E+01
  0.61677173E+00  0.83536303E+01
  0.63803972E+00  0.83744598E+01
  0.65930771E+00  0.83947738E+01
  0.68057571E+00  0.84144967E+01
  0.70184370E+00  0.84335564E+01
  0.72311169E+00  0.84518842E+01
  0.74437968E+00  0.84694150E+01
  0.76564767E+00  0.84860876E+01
  0.78691566E+00  0.85018447E+01
  0.80818365E+00  0.85166336E+01
  0.82945164E+00  0.85304056E+01
  0.85071963E+00  0.85431168E+01
  0.87198762E+00  0.85547277E+01
  0.89325561E+00  0.85652035E+01
  0.91452360E+00  0.85745136E+01
  0.93579160E+00  0.85826320E+01
  0.95705959E+00  0.85895366E+01
  0.97832758E+00  0.85952094E+01
  0.99959557E+00  0.85996360E+01
  0.10208636E+01  0.86028055E+01
  0.10421315E+01  0.86047102E+01
  0.10633995E+01  0.86053456E+01
  0.10847502E+01  0.86062487E+01
  0.11061010E+01  0.86089578E+01
  0.11274517E+01  0.86134718E+01
  0.11488024E+01  0.86197889E+01
  0.11701531E+01  0.86279065E+01
  0.11915038E+01  0.86378212E+01
  0.12128545E+01  0.86495283E+01
  0.12342052E+01  0.86630222E+01
  0.12555559E+01  0.86782960E+01
  0.12769066E+01  0.86953415E+01
  0.12982573E+01  0.87141492E+01
  0.13196080E+01  0.87347079E+01
  0.13409587E+01  0.87570054E+01
  0.13623094E+01  0.87810277E+01
  0.13836601E+01  0.88067600E+01
  0.14050109E+01  0.88341858E+01
  0.14263616E+01  0.88632880E+01
  0.14477123E+01  0.88940481E+01
  0.14690630E+01  0.89264470E+01
  0.14904137E+01  0.89604644E+01
  0.15117644E+01  0.89960795E+01
  0.15331151E+01  0.90332703E+01
  0.15544658E+01  0.90720136E+01
  0.15758165E+01  0.91122852E+01
  0.15971672E+01  0.91540590E+01
  0.16185179E+01  0.91973071E+01
  0.16398686E+01  0.92419996E+01
  0.16612193E+01  0.92881038E+01
  0.16825700E+01  0.93355841E+01
  0.17039208E+01  0.93844022E+01
  0.17252715E+01  0.94345160E+01
  0.17466222E+01  0.94858803E+01
  0.17679729E+01  0.95384462E+01
  0.17893236E+01  0.95921609E+01
  0.18106743E+01  0.96469681E+01
  0.18320250E+01  0.97028073E+01
  0.18533757E+01  0.97596135E+01
  0.18747264E+01  0.98173169E+01
  0.18960771E+01  0.98758418E+01
  0.19174278E+01  0.99351056E+01
  0.19387785E+01  0.99950173E+01
  0.19601292E+01  0.10055475E+02
  0.19814799E+01  0.10116364E+02
  0.20028307E+01  0.10177553E+02
  0.20241814E+01  0.10238892E+02
  0.20455321E+01  0.10300204E+02
  0.20668828E+01  0.10361285E+02
  0.20882335E+01  0.10421893E+02
  0.21095842E+01  0.10481744E+02
  0.21309349E+01  0.10540501E+02
  0.21522856E+01  0.10597767E+02
  0.21736363E+01  0.10653073E+02
  0.21949870E+01  0.10705866E+02
  0.22163377E+01  0.10755501E+02
  0.22376884E+01  0.10801237E+02
  0.22590391E+01  0.10842241E+02
  0.22803898E+01  0.10877607E+02
  0.23017406E+01  0.10906405E+02
  0.23230913E+01  0.10927747E+02
  0.23444420E+01  0.10940889E+02
  0.23657927E+01  0.10945329E+02
  0.23869740E+01  0.10943143E+02
  0.24081553E+01  0.10936641E+02
  0.24293366E+01  0.10925975E+02
  0.24505180E+01  0.10911390E+02
  0.24716993E+01  0.10893194E+02
  0.24928806E+01  0.10871741E+02
  0.25140619E+01  0.10847405E+02
  0.25352433E+01  0.10820567E+02
  0.25564246E+01  0.10791596E+02
  0.25776059E+01  0.10760843E+02
  0.25987872E+01  0.10728636E+02
  0.26199686E+01  0.10695275E+02
  0.26411499E+01  0.10661031E+02
  0.26623312E+01  0.10626153E+02
  0.26835125E+01  0.10590859E+02
  0.27046939E+01  0.10555346E+02
  0.27258752E+01  0.10519789E+02
  0.27470565E+01  0.10484343E+02
  0.27682378E+01  0.10449143E+02
  0.27894192E+01  0.10414307E+02
  0.28106005E+01  0.10379936E+02
  0.28317818E+01  0.10346117E+02
  0.28529631E+01  0.10312925E+02
  0.28741445E+01  0.10280422E+02
  0.28953258E+01  0.10248659E+02
  0.29165071E+01  0.10217680E+02
  0.29376884E+01  0.10187519E+02
  0.29588698E+01  0.10158205E+02
  0.29800511E+01  0.10129761E+02
  0.30012324E+01  0.10102205E+02
  0.30224137E+01  0.10075554E+02
  0.30435951E+01  0.10049821E+02
  0.30647764E+01  0.10025017E+02
  0.30859577E+01  0.10001149E+02
  0.31071390E+01  0.99782250E+01
  0.31283204E+01  0.99562496E+01
  0.31495017E+01  0.99352259E+01
  0.31706830E+01  0.99151550E+01
  0.31918643E+01  0.98960354E+01
  0.32130457E+01  0.98778634E+01
  0.32342270E+01  0.98606323E+01
  0.32554083E+01  0.98443326E+01
  0.32765896E+01  0.98289513E+01
  0.32977710E+01  0.98144728E+01
  0.33189523E+01  0.98008789E+01
  0.33401336E+01  0.97881482E+01
  0.33613149E+01  0.97762568E+01
  0.33824963E+01  0.97651784E+01
  0.34036776E+01  0.97548846E+01
  0.34248589E+01  0.97453457E+01
  0.34460402E+01  0.97365306E+01
  0.34672216E+01  0.97284075E+01
  0.34884029E+01  0.97209443E+01
  0.35095842E+01  0.97141085E+01
  0.35307655E+01  0.97078679E+01
  0.35519469E+01  0.97021910E+01
  0.35731282E+01  0.96970466E+01
  0.35943095E+01  0.96924046E+01
  0.36154908E+01  0.96882362E+01
  0.36366722E+01  0.96845137E+01
  0.36578535E+01  0.96812109E+01
  0.36790348E+01  0.96783029E+01
  0.37002161E+01  0.96757667E+01
  0.37213975E+01  0.96735814E+01
  0.37425788E+01  0.96717277E+01
  0.37637601E+01  0.96701889E+01
  0.37849414E+01  0.96689502E+01
  0.38061227E+01  0.96679996E+01
  0.38273041E+01  0.96673276E+01
  0.38484854E+01  0.96669271E+01
  0.38696667E+01  0.96667941E+01
  0.38911506E+01  0.96626202E+01
  0.39126346E+01  0.96502413E+01
  0.39341185E+01  0.96300653E+01
  0.39556024E+01  0.96027083E+01
  0.39770863E+01  0.95689204E+01
  0.39985702E+01  0.95295112E+01
  0.40200541E+01  0.94852896E+01
  0.40415380E+01  0.94370210E+01
  0.40630220E+01  0.93854039E+01
  0.40845059E+01  0.93310594E+01
  0.41059898E+01  0.92745308E+01
  0.41274737E+01  0.92162879E+01
  0.41489576E+01  0.91567352E+01
  0.41704415E+01  0.90962192E+01
  0.41919254E+01  0.90350373E+01
  0.42134094E+01  0.89734445E+01
  0.42348933E+01  0.89116606E+01
  0.42563772E+01  0.88498753E+01
  0.42778611E+01  0.87882529E+01
  0.42993450E+01  0.87269368E+01
  0.43208289E+01  0.86660519E+01
  0.43423129E+01  0.86057085E+01
  0.43637968E+01  0.85460036E+01
  0.43852807E+01  0.84870232E+01
  0.44067646E+01  0.84288442E+01
  0.44282485E+01  0.83715351E+01
  0.44497324E+01  0.83151573E+01
  0.44712163E+01  0.82597662E+01
  0.44927003E+01  0.82054115E+01
  0.45141842E+01  0.81521382E+01
  0.45356681E+01  0.80999865E+01
  0.45571520E+01  0.80489926E+01
  0.45786359E+01  0.79991889E+01
  0.46001198E+01  0.79506040E+01
  0.46216037E+01  0.79032634E+01
  0.46428717E+01  0.79324599E+01
  0.46641397E+01  0.79537945E+01
  0.46854077E+01  0.79667927E+01
  0.47066757E+01  0.79721965E+01
  0.47279437E+01  0.79715501E+01
  0.47492117E+01  0.79665439E+01
  0.47704797E+01  0.79586108E+01
  0.47917477E+01  0.79488273E+01
  0.48130157E+01  0.79379628E+01
  0.48342837E+01  0.79265605E+01
  0.48555516E+01  0.79150077E+01
  0.48768196E+01  0.79035853E+01
  0.48980876E+01  0.78925021E+01
  0.49193556E+01  0.78819167E+01
  0.49406236E+01  0.78719527E+01
  0.49618916E+01  0.78627080E+01
  0.49831596E+01  0.78542613E+01
  0.50044276E+01  0.78466770E+01
  0.50256956E+01  0.78400078E+01
  0.50469636E+01  0.78342966E+01
  0.50682316E+01  0.78295785E+01
  0.50894995E+01  0.78258811E+01
  0.51107675E+01  0.78232254E+01
  0.51320355E+01  0.78216261E+01
  0.51533035E+01  0.78210920E+01
  
  0.00000000E+00  0.83017211E+01
  0.21267991E-01  0.83069936E+01
  0.42535982E-01  0.83217221E+01
  0.63803972E-01  0.83433894E+01
  0.85071963E-01  0.83693464E+01
  0.10633995E+00  0.83974987E+01
  0.12760794E+00  0.84263822E+01
  0.14887594E+00  0.84550184E+01
  0.17014393E+00  0.84827606E+01
  0.19141192E+00  0.85091810E+01
  0.21267991E+00  0.85339986E+01
  0.23394790E+00  0.85570325E+01
  0.25521589E+00  0.85781732E+01
  0.27648388E+00  0.85973636E+01
  0.29775187E+00  0.86145861E+01
  0.31901986E+00  0.86298535E+01
  0.34028785E+00  0.86432032E+01
  0.36155584E+00  0.86546915E+01
  0.38282383E+00  0.86643901E+01
  0.40409183E+00  0.86723831E+01
  0.42535982E+00  0.86787638E+01
  0.44662781E+00  0.86836327E+01
  0.46789580E+00  0.86870957E+01
  0.48916379E+00  0.86892623E+01
  0.51043178E+00  0.86902438E+01
  0.53169977E+00  0.86901525E+01
  0.55296776E+00  0.86891002E+01
  0.57423575E+00  0.86871974E+01
  0.59550374E+00  0.86845526E+01
  0.61677173E+00  0.86812712E+01
  0.63803972E+00  0.86774555E+01
  0.65930771E+00  0.86732036E+01
  0.68057571E+00  0.86686095E+01
  0.70184370E+00  0.86637627E+01
  0.72311169E+00  0.86587478E+01
  0.74437968E+00  0.86536445E+01
  0.76564767E+00  0.86485275E+01
  0.78691566E+00  0.86434663E+01
  0.80818365E+00  0.86385256E+01
  0.82945164E+00  0.86337647E+01
  0.85071963E+00  0.86292381E+01
  0.87198762E+00  0.86249952E+01
  0.89325561E+00  0.86210806E+01
  0.91452360E+00  0.86175340E+01
  0.93579160E+00  0.86143902E+01
  0.95705959E+00  0.86116793E+01
  0.97832758E+00  0.86094267E+01
  0.99959557E+00  0.86076533E+01
  0.10208636E+01  0.86063751E+01
  0.10421315E+01  0.86056035E+01
  0.10633995E+01  0.86053456E+01
  0.10847502E+01  0.86062487E+01
  0.11061010E+01  0.86089578E+01
  0.11274517E+01  0.86134718E+01
  0.11488024E+01  0.86197890E+01
  0.11701531E+01  0.86279066E+01
  0.11915038E+01  0.86378212E+01
  0.12128545E+01  0.86495284E+01
  0.12342052E+01  0.86630223E+01
  0.12555559E+01  0.86782961E+01
  0.12769066E+01  0.86953416E+01
  0.12982573E+01  0.87141492E+01
  0.13196080E+01  0.87347079E+01
  0.13409587E+01  0.87570054E+01
  0.13623094E+01  0.87810278E+01
  0.13836601E+01  0.88067600E+01
  0.14050109E+01  0.88341859E+01
  0.14263616E+01  0.88632881E+01
  0.14477123E+01  0.88940482E+01
  0.14690630E+01  0.89264471E+01
  0.14904137E+01  0.89604645E+01
  0.15117644E+01  0.89960796E+01
  0.15331151E+01  0.90332703E+01
  0.15544658E+01  0.90720137E+01
  0.15758165E+01  0.91122852E+01
  0.15971672E+01  0.91540590E+01
  0.16185179E+01  0.91973071E+01
  0.16398686E+01  0.92419996E+01
  0.16612193E+01  0.92881038E+01
  0.16825700E+01  0.93355842E+01
  0.17039208E+01  0.93844023E+01
  0.17252715E+01  0.94345161E+01
  0.17466222E+01  0.94858805E+01
  0.17679729E+01  0.95384463E+01
  0.17893236E+01  0.95921610E+01
  0.18106743E+01  0.96469682E+01
  0.18320250E+01  0.97028073E+01
  0.18533757E+01  0.97596135E+01
  0.18747264E+01  0.98173170E+01
  0.18960771E+01  0.98758420E+01
  0.19174278E+01  0.99351059E+01
  0.19387785E+01  0.99950177E+01
  0.19601292E+01  0.10055475E+02
  0.19814799E+01  0.10116364E+02
  0.20028307E+01  0.10177554E+02
  0.20241814E+01  0.10238892E+02
  0.20455321E+01  0.10300204E+02
  0.20668828E+01  0.10361285E+02
  0.20882335E+01  0.10421893E+02
  0.21095842E+01  0.10481744E+02
  0.21309349E+01  0.10540501E+02
  0.21522856E+01  0.10597768E+02
  0.21736363E+01  0.10653074E+02
  0.21949870E+01  0.10705866E+02
  0.22163377E+01  0.10755502E+02
  0.22376884E+01  0.10801238E+02
  0.22590391E+01  0.10842241E+02
  0.22803898E+01  0.10877607E+02
  0.23017406E+01  0.10906405E+02
  0.23230913E+01  0.10927747E+02
  0.23444420E+01  0.10940889E+02
  0.23657927E+01  0.10945329E+02
  0.23869740E+01  0.10943144E+02
  0.24081553E+01  0.10936641E+02
  0.24293366E+01  0.10925976E+02
  0.24505180E+01  0.10911392E+02
  0.24716993E+01  0.10893197E+02
  0.24928806E+01  0.10871744E+02
  0.25140619E+01  0.10847409E+02
  0.25352433E+01  0.10820571E+02
  0.25564246E+01  0.10791600E+02
  0.25776059E+01  0.10760847E+02
  0.25987872E+01  0.10728640E+02
  0.26199686E+01  0.10695277E+02
  0.26411499E+01  0.10661033E+02
  0.26623312E+01  0.10626153E+02
  0.26835125E+01  0.10590860E+02
  0.27046939E+01  0.10555348E+02
  0.27258752E+01  0.10519793E+02
  0.27470565E+01  0.10484349E+02
  0.27682378E+01  0.10449150E+02
  0.27894192E+01  0.10414314E+02
  0.28106005E+01  0.10379943E+02
  0.28317818E+01  0.10346125E+02
  0.28529631E+01  0.10312932E+02
  0.28741445E+01  0.10280428E+02
  0.28953258E+01  0.10248664E+02
  0.29165071E+01  0.10217684E+02
  0.29376884E+01  0.10187521E+02
  0.29588698E+01  0.10158206E+02
  0.29800511E+01  0.10129762E+02
  0.30012324E+01  0.10102207E+02
  0.30224137E+01  0.10075558E+02
  0.30435951E+01  0.10049826E+02
  0.30647764E+01  0.10025022E+02
  0.30859577E+01  0.10001155E+02
  0.31071390E+01  0.99782307E+01
  0.31283204E+01  0.99562551E+01
  0.31495017E+01  0.99352309E+01
  0.31706830E+01  0.99151592E+01
  0.31918643E+01  0.98960388E+01
  0.32130457E+01  0.98778659E+01
  0.32342270E+01  0.98606338E+01
  0.32554083E+01  0.98443331E+01
  0.32765896E+01  0.98289517E+01
  0.32977710E+01  0.98144738E+01
  0.33189523E+01  0.98008805E+01
  0.33401336E+01  0.97881503E+01
  0.33613149E+01  0.97762592E+01
  0.33824963E+01  0.97651808E+01
  0.34036776E+01  0.97548869E+01
  0.34248589E+01  0.97453478E+01
  0.34460402E+01  0.97365325E+01
  0.34672216E+01  0.97284091E+01
  0.34884029E+01  0.97209455E+01
  0.35095842E+01  0.97141093E+01
  0.35307655E+01  0.97078684E+01
  0.35519469E+01  0.97021912E+01
  0.35731282E+01  0.96970466E+01
  0.35943095E+01  0.96924048E+01
  0.36154908E+01  0.96882366E+01
  0.36366722E+01  0.96845141E+01
  0.36578535E+01  0.96812113E+01
  0.36790348E+01  0.96783033E+01
  0.37002161E+01  0.96757671E+01
  0.37213975E+01  0.96735817E+01
  0.37425788E+01  0.96717280E+01
  0.37637601E+01  0.96701890E+01
  0.37849414E+01  0.96689503E+01
  0.38061227E+01  0.96679997E+01
  0.38273041E+01  0.96673276E+01
  0.38484854E+01  0.96669271E+01
  0.38696667E+01  0.96667941E+01
  0.38911506E+01  0.96629109E+01
  0.39126346E+01  0.96513468E+01
  0.39341185E+01  0.96323520E+01
  0.39556024E+01  0.96063241E+01
  0.39770863E+01  0.95737832E+01
  0.39985702E+01  0.95353414E+01
  0.40200541E+01  0.94916723E+01
  0.40415380E+01  0.94434822E+01
  0.40630220E+01  0.93914860E+01
  0.40845059E+01  0.93363878E+01
  0.41059898E+01  0.92788672E+01
  0.41274737E+01  0.92195695E+01
  0.41489576E+01  0.91591006E+01
  0.41704415E+01  0.90980239E+01
  0.41919254E+01  0.90368602E+01
  0.42134094E+01  0.89760883E+01
  0.42348933E+01  0.89161471E+01
  0.42563772E+01  0.88574380E+01
  0.42778611E+01  0.88003275E+01
  0.42993450E+01  0.87451498E+01
  0.43208289E+01  0.86922094E+01
  0.43423129E+01  0.86417838E+01
  0.43637968E+01  0.85941253E+01
  0.43852807E+01  0.85494630E+01
  0.44067646E+01  0.85080045E+01
  0.44282485E+01  0.84699371E+01
  0.44497324E+01  0.84354289E+01
  0.44712163E+01  0.84046294E+01
  0.44927003E+01  0.83776702E+01
  0.45141842E+01  0.83546653E+01
  0.45356681E+01  0.83357112E+01
  0.45571520E+01  0.83208868E+01
  0.45786359E+01  0.83102539E+01
  0.46001198E+01  0.83038565E+01
  0.46216037E+01  0.83017211E+01
  0.46428717E+01  0.83056993E+01
  0.46641397E+01  0.83183707E+01
  0.46854077E+01  0.83400236E+01
  0.47066757E+01  0.83697262E+01
  0.47279437E+01  0.84057420E+01
  0.47492117E+01  0.84461865E+01
  0.47704797E+01  0.84894311E+01
  0.47917477E+01  0.85342031E+01
  0.48130157E+01  0.85795365E+01
  0.48342837E+01  0.86246915E+01
  0.48555516E+01  0.86690844E+01
  0.48768196E+01  0.87122381E+01
  0.48980876E+01  0.87537484E+01
  0.49193556E+01  0.87932621E+01
  0.49406236E+01  0.88304629E+01
  0.49618916E+01  0.88650632E+01
  0.49831596E+01  0.88967988E+01
  0.50044276E+01  0.89254272E+01
  0.50256956E+01  0.89507264E+01
  0.50469636E+01  0.89724968E+01
  0.50682316E+01  0.89905628E+01
  0.50894995E+01  0.90047756E+01
  0.51107675E+01  0.90150155E+01
  0.51320355E+01  0.90211951E+01
  0.51533035E+01  0.90232610E+01
  
  0.00000000E+00  0.12984931E+02
  0.21267991E-01  0.12983162E+02
  0.42535982E-01  0.12978136E+02
  0.63803972E-01  0.12970563E+02
  0.85071963E-01  0.12961295E+02
  0.10633995E+00  0.12951112E+02
  0.12760794E+00  0.12940636E+02
  0.14887594E+00  0.12930324E+02
  0.17014393E+00  0.12920506E+02
  0.19141192E+00  0.12911416E+02
  0.21267991E+00  0.12903216E+02
  0.23394790E+00  0.12896022E+02
  0.25521589E+00  0.12889914E+02
  0.27648388E+00  0.12884946E+02
  0.29775187E+00  0.12881152E+02
  0.31901986E+00  0.12878551E+02
  0.34028785E+00  0.12877147E+02
  0.36155584E+00  0.12876935E+02
  0.38282383E+00  0.12877899E+02
  0.40409183E+00  0.12880012E+02
  0.42535982E+00  0.12883241E+02
  0.44662781E+00  0.12887543E+02
  0.46789580E+00  0.12892869E+02
  0.48916379E+00  0.12899163E+02
  0.51043178E+00  0.12906362E+02
  0.53169977E+00  0.12914398E+02
  0.55296776E+00  0.12923197E+02
  0.57423575E+00  0.12932681E+02
  0.59550374E+00  0.12942768E+02
  0.61677173E+00  0.12953372E+02
  0.63803972E+00  0.12964403E+02
  0.65930771E+00  0.12975766E+02
  0.68057571E+00  0.12987367E+02
  0.70184370E+00  0.12999105E+02
  0.72311169E+00  0.13010879E+02
  0.74437968E+00  0.13022587E+02
  0.76564767E+00  0.13034126E+02
  0.78691566E+00  0.13045394E+02
  0.80818365E+00  0.13056289E+02
  0.82945164E+00  0.13066714E+02
  0.85071963E+00  0.13076574E+02
  0.87198762E+00  0.13085781E+02
  0.89325561E+00  0.13094251E+02
  0.91452360E+00  0.13101909E+02
  0.93579160E+00  0.13108686E+02
  0.95705959E+00  0.13114523E+02
  0.97832758E+00  0.13119368E+02
  0.99959557E+00  0.13123181E+02
  0.10208636E+01  0.13125927E+02
  0.10421315E+01  0.13127585E+02
  0.10633995E+01  0.13128139E+02
  0.10847502E+01  0.13127554E+02
  0.11061010E+01  0.13125800E+02
  0.11274517E+01  0.13122885E+02
  0.11488024E+01  0.13118816E+02
  0.11701531E+01  0.13113607E+02
  0.11915038E+01  0.13107275E+02
  0.12128545E+01  0.13099840E+02
  0.12342052E+01  0.13091326E+02
  0.12555559E+01  0.13081760E+02
  0.12769066E+01  0.13071174E+02
  0.12982573E+01  0.13059601E+02
  0.13196080E+01  0.13047077E+02
  0.13409587E+01  0.13033643E+02
  0.13623094E+01  0.13019340E+02
  0.13836601E+01  0.13004214E+02
  0.14050109E+01  0.12988310E+02
  0.14263616E+01  0.12971678E+02
  0.14477123E+01  0.12954369E+02
  0.14690630E+01  0.12936434E+02
  0.14904137E+01  0.12917926E+02
  0.15117644E+01  0.12898901E+02
  0.15331151E+01  0.12879414E+02
  0.15544658E+01  0.12859520E+02
  0.15758165E+01  0.12839278E+02
  0.15971672E+01  0.12818743E+02
  0.16185179E+01  0.12797974E+02
  0.16398686E+01  0.12777028E+02
  0.16612193E+01  0.12755962E+02
  0.16825700E+01  0.12734834E+02
  0.17039208E+01  0.12713701E+02
  0.17252715E+01  0.12692617E+02
  0.17466222E+01  0.12671640E+02
  0.17679729E+01  0.12650822E+02
  0.17893236E+01  0.12630218E+02
  0.18106743E+01  0.12609878E+02
  0.18320250E+01  0.12589854E+02
  0.18533757E+01  0.12570194E+02
  0.18747264E+01  0.12550946E+02
  0.18960771E+01  0.12532155E+02
  0.19174278E+01  0.12513865E+02
  0.19387785E+01  0.12496117E+02
  0.19601292E+01  0.12478951E+02
  0.19814799E+01  0.12462405E+02
  0.20028307E+01  0.12446513E+02
  0.20241814E+01  0.12431308E+02
  0.20455321E+01  0.12416820E+02
  0.20668828E+01  0.12403076E+02
  0.20882335E+01  0.12390097E+02
  0.21095842E+01  0.12377902E+02
  0.21309349E+01  0.12366505E+02
  0.21522856E+01  0.12355911E+02
  0.21736363E+01  0.12346119E+02
  0.21949870E+01  0.12337117E+02
  0.22163377E+01  0.12328884E+02
  0.22376884E+01  0.12321390E+02
  0.22590391E+01  0.12314606E+02
  0.22803898E+01  0.12308533E+02
  0.23017406E+01  0.12303254E+02
  0.23230913E+01  0.12299000E+02
  0.23444420E+01  0.12296165E+02
  0.23657927E+01  0.12295159E+02
  0.23869740E+01  0.12294649E+02
  0.24081553E+01  0.12293122E+02
  0.24293366E+01  0.12290580E+02
  0.24505180E+01  0.12287029E+02
  0.24716993E+01  0.12282478E+02
  0.24928806E+01  0.12276936E+02
  0.25140619E+01  0.12270417E+02
  0.25352433E+01  0.12262935E+02
  0.25564246E+01  0.12254507E+02
  0.25776059E+01  0.12245151E+02
  0.25987872E+01  0.12234888E+02
  0.26199686E+01  0.12223739E+02
  0.26411499E+01  0.12211729E+02
  0.26623312E+01  0.12198884E+02
  0.26835125E+01  0.12185229E+02
  0.27046939E+01  0.12170795E+02
  0.27258752E+01  0.12155611E+02
  0.27470565E+01  0.12139710E+02
  0.27682378E+01  0.12123124E+02
  0.27894192E+01  0.12105888E+02
  0.28106005E+01  0.12088039E+02
  0.28317818E+01  0.12069613E+02
  0.28529631E+01  0.12050650E+02
  0.28741445E+01  0.12031189E+02
  0.28953258E+01  0.12011271E+02
  0.29165071E+01  0.11990939E+02
  0.29376884E+01  0.11970233E+02
  0.29588698E+01  0.11949198E+02
  0.29800511E+01  0.11927877E+02
  0.30012324E+01  0.11906313E+02
  0.30224137E+01  0.11884552E+02
  0.30435951E+01  0.11862636E+02
  0.30647764E+01  0.11840610E+02
  0.30859577E+01  0.11818518E+02
  0.31071390E+01  0.11796404E+02
  0.31283204E+01  0.11774311E+02
  0.31495017E+01  0.11752281E+02
  0.31706830E+01  0.11730358E+02
  0.31918643E+01  0.11708583E+02
  0.32130457E+01  0.11686999E+02
  0.32342270E+01  0.11665645E+02
  0.32554083E+01  0.11644563E+02
  0.32765896E+01  0.11623792E+02
  0.32977710E+01  0.11603371E+02
  0.33189523E+01  0.11583339E+02
  0.33401336E+01  0.11563732E+02
  0.33613149E+01  0.11544586E+02
  0.33824963E+01  0.11525939E+02
  0.34036776E+01  0.11507823E+02
  0.34248589E+01  0.11490272E+02
  0.34460402E+01  0.11473317E+02
  0.34672216E+01  0.11456991E+02
  0.34884029E+01  0.11441322E+02
  0.35095842E+01  0.11426337E+02
  0.35307655E+01  0.11412065E+02
  0.35519469E+01  0.11398529E+02
  0.35731282E+01  0.11385754E+02
  0.35943095E+01  0.11373762E+02
  0.36154908E+01  0.11362573E+02
  0.36366722E+01  0.11352206E+02
  0.36578535E+01  0.11342680E+02
  0.36790348E+01  0.11334011E+02
  0.37002161E+01  0.11326213E+02
  0.37213975E+01  0.11319301E+02
  0.37425788E+01  0.11313285E+02
  0.37637601E+01  0.11308176E+02
  0.37849414E+01  0.11303984E+02
  0.38061227E+01  0.11300716E+02
  0.38273041E+01  0.11298378E+02
  0.38484854E+01  0.11296973E+02
  0.38696667E+01  0.11296504E+02
  0.38911506E+01  0.11300767E+02
  0.39126346E+01  0.11313410E+02
  0.39341185E+01  0.11334021E+02
  0.39556024E+01  0.11361971E+02
  0.39770863E+01  0.11396499E+02
  0.39985702E+01  0.11436775E+02
  0.40200541E+01  0.11481969E+02
  0.40415380E+01  0.11531291E+02
  0.40630220E+01  0.11584014E+02
  0.40845059E+01  0.11639485E+02
  0.41059898E+01  0.11697126E+02
  0.41274737E+01  0.11756429E+02
  0.41489576E+01  0.11816949E+02
  0.41704415E+01  0.11878299E+02
  0.41919254E+01  0.11940136E+02
  0.42134094E+01  0.12002160E+02
  0.42348933E+01  0.12064104E+02
  0.42563772E+01  0.12125731E+02
  0.42778611E+01  0.12186831E+02
  0.42993450E+01  0.12247213E+02
  0.43208289E+01  0.12306708E+02
  0.43423129E+01  0.12365162E+02
  0.43637968E+01  0.12422439E+02
  0.43852807E+01  0.12478413E+02
  0.44067646E+01  0.12532976E+02
  0.44282485E+01  0.12586030E+02
  0.44497324E+01  0.12637488E+02
  0.44712163E+01  0.12687276E+02
  0.44927003E+01  0.12735329E+02
  0.45141842E+01  0.12781595E+02
  0.45356681E+01  0.12826030E+02
  0.45571520E+01  0.12868600E+02
  0.45786359E+01  0.12909282E+02
  0.46001198E+01  0.12948061E+02
  0.46216037E+01  0.12984931E+02
  0.46428717E+01  0.12958538E+02
  0.46641397E+01  0.12929946E+02
  0.46854077E+01  0.12899604E+02
  0.47066757E+01  0.12867931E+02
  0.47279437E+01  0.12835304E+02
  0.47492117E+01  0.12802056E+02
  0.47704797E+01  0.12768493E+02
  0.47917477E+01  0.12734892E+02
  0.48130157E+01  0.12701514E+02
  0.48342837E+01  0.12668608E+02
  0.48555516E+01  0.12636414E+02
  0.48768196E+01  0.12605162E+02
  0.48980876E+01  0.12575082E+02
  0.49193556E+01  0.12546393E+02
  0.49406236E+01  0.12519313E+02
  0.49618916E+01  0.12494053E+02
  0.49831596E+01  0.12470814E+02
  0.50044276E+01  0.12449790E+02
  0.50256956E+01  0.12431161E+02
  0.50469636E+01  0.12415091E+02
  0.50682316E+01  0.12401729E+02
  0.50894995E+01  0.12391199E+02
  0.51107675E+01  0.12383603E+02
  0.51320355E+01  0.12379015E+02
  0.51533035E+01  0.12377480E+02
  
  0.00000000E+00  0.12984931E+02
  0.21267991E-01  0.12984958E+02
  0.42535982E-01  0.12985048E+02
  0.63803972E-01  0.12985238E+02
  0.85071963E-01  0.12985581E+02
  0.10633995E+00  0.12986146E+02
  0.12760794E+00  0.12987006E+02
  0.14887594E+00  0.12988241E+02
  0.17014393E+00  0.12989921E+02
  0.19141192E+00  0.12992110E+02
  0.21267991E+00  0.12994859E+02
  0.23394790E+00  0.12998201E+02
  0.25521589E+00  0.13002153E+02
  0.27648388E+00  0.13006714E+02
  0.29775187E+00  0.13011868E+02
  0.31901986E+00  0.13017577E+02
  0.34028785E+00  0.13023794E+02
  0.36155584E+00  0.13030453E+02
  0.38282383E+00  0.13037478E+02
  0.40409183E+00  0.13044784E+02
  0.42535982E+00  0.13052276E+02
  0.44662781E+00  0.13059854E+02
  0.46789580E+00  0.13067415E+02
  0.48916379E+00  0.13074856E+02
  0.51043178E+00  0.13082076E+02
  0.53169977E+00  0.13088980E+02
  0.55296776E+00  0.13095480E+02
  0.57423575E+00  0.13101504E+02
  0.59550374E+00  0.13106990E+02
  0.61677173E+00  0.13111897E+02
  0.63803972E+00  0.13116198E+02
  0.65930771E+00  0.13119889E+02
  0.68057571E+00  0.13122978E+02
  0.70184370E+00  0.13125493E+02
  0.72311169E+00  0.13127471E+02
  0.74437968E+00  0.13128961E+02
  0.76564767E+00  0.13130017E+02
  0.78691566E+00  0.13130699E+02
  0.80818365E+00  0.13131065E+02
  0.82945164E+00  0.13131174E+02
  0.85071963E+00  0.13131081E+02
  0.87198762E+00  0.13130839E+02
  0.89325561E+00  0.13130496E+02
  0.91452360E+00  0.13130093E+02
  0.93579160E+00  0.13129670E+02
  0.95705959E+00  0.13129258E+02
  0.97832758E+00  0.13128884E+02
  0.99959557E+00  0.13128571E+02
  0.10208636E+01  0.13128335E+02
  0.10421315E+01  0.13128188E+02
  0.10633995E+01  0.13128139E+02
  0.10847502E+01  0.13127554E+02
  0.11061010E+01  0.13125800E+02
  0.11274517E+01  0.13122885E+02
  0.11488024E+01  0.13118816E+02
  0.11701531E+01  0.13113607E+02
  0.11915038E+01  0.13107275E+02
  0.12128545E+01  0.13099840E+02
  0.12342052E+01  0.13091326E+02
  0.12555559E+01  0.13081760E+02
  0.12769066E+01  0.13071174E+02
  0.12982573E+01  0.13059601E+02
  0.13196080E+01  0.13047077E+02
  0.13409587E+01  0.13033643E+02
  0.13623094E+01  0.13019340E+02
  0.13836601E+01  0.13004214E+02
  0.14050109E+01  0.12988310E+02
  0.14263616E+01  0.12971678E+02
  0.14477123E+01  0.12954369E+02
  0.14690630E+01  0.12936434E+02
  0.14904137E+01  0.12917926E+02
  0.15117644E+01  0.12898901E+02
  0.15331151E+01  0.12879414E+02
  0.15544658E+01  0.12859520E+02
  0.15758165E+01  0.12839278E+02
  0.15971672E+01  0.12818743E+02
  0.16185179E+01  0.12797974E+02
  0.16398686E+01  0.12777028E+02
  0.16612193E+01  0.12755962E+02
  0.16825700E+01  0.12734834E+02
  0.17039208E+01  0.12713701E+02
  0.17252715E+01  0.12692617E+02
  0.17466222E+01  0.12671640E+02
  0.17679729E+01  0.12650822E+02
  0.17893236E+01  0.12630218E+02
  0.18106743E+01  0.12609878E+02
  0.18320250E+01  0.12589854E+02
  0.18533757E+01  0.12570194E+02
  0.18747264E+01  0.12550946E+02
  0.18960771E+01  0.12532155E+02
  0.19174278E+01  0.12513865E+02
  0.19387785E+01  0.12496117E+02
  0.19601292E+01  0.12478951E+02
  0.19814799E+01  0.12462405E+02
  0.20028307E+01  0.12446513E+02
  0.20241814E+01  0.12431308E+02
  0.20455321E+01  0.12416820E+02
  0.20668828E+01  0.12403076E+02
  0.20882335E+01  0.12390097E+02
  0.21095842E+01  0.12377902E+02
  0.21309349E+01  0.12366505E+02
  0.21522856E+01  0.12355911E+02
  0.21736363E+01  0.12346119E+02
  0.21949870E+01  0.12337117E+02
  0.22163377E+01  0.12328884E+02
  0.22376884E+01  0.12321390E+02
  0.22590391E+01  0.12314606E+02
  0.22803898E+01  0.12308533E+02
  0.23017406E+01  0.12303254E+02
  0.23230913E+01  0.12299000E+02
  0.23444420E+01  0.12296165E+02
  0.23657927E+01  0.12295159E+02
  0.23869740E+01  0.12297528E+02
  0.24081553E+01  0.12304579E+02
  0.24293366E+01  0.12316150E+02
  0.24505180E+01  0.12331986E+02
  0.24716993E+01  0.12351762E+02
  0.24928806E+01  0.12375104E+02
  0.25140619E+01  0.12401613E+02
  0.25352433E+01  0.12430886E+02
  0.25564246E+01  0.12436827E+02
  0.25776059E+01  0.12440308E+02
  0.25987872E+01  0.12444096E+02
  0.26199686E+01  0.12448185E+02
  0.26411499E+01  0.12452570E+02
  0.26623312E+01  0.12457252E+02
  0.26835125E+01  0.12462230E+02
  0.27046939E+01  0.12467507E+02
  0.27258752E+01  0.12473083E+02
  0.27470565E+01  0.12478959E+02
  0.27682378E+01  0.12485134E+02
  0.27894192E+01  0.12491604E+02
  0.28106005E+01  0.12498363E+02
  0.28317818E+01  0.12505401E+02
  0.28529631E+01  0.12512703E+02
  0.28741445E+01  0.12520253E+02
  0.28953258E+01  0.12528030E+02
  0.29165071E+01  0.12536012E+02
  0.29376884E+01  0.12544172E+02
  0.29588698E+01  0.12552486E+02
  0.29800511E+01  0.12560927E+02
  0.30012324E+01  0.12569470E+02
  0.30224137E+01  0.12578090E+02
  0.30435951E+01  0.12586764E+02
  0.30647764E+01  0.12595470E+02
  0.30859577E+01  0.12604191E+02
  0.31071390E+01  0.12612909E+02
  0.31283204E+01  0.12621610E+02
  0.31495017E+01  0.12630282E+02
  0.31706830E+01  0.12638912E+02
  0.31918643E+01  0.12647490E+02
  0.32130457E+01  0.12656007E+02
  0.32342270E+01  0.12664451E+02
  0.32554083E+01  0.12672812E+02
  0.32765896E+01  0.12681078E+02
  0.32977710E+01  0.12689238E+02
  0.33189523E+01  0.12697277E+02
  0.33401336E+01  0.12705181E+02
  0.33613149E+01  0.12712935E+02
  0.33824963E+01  0.12720521E+02
  0.34036776E+01  0.12727923E+02
  0.34248589E+01  0.12735123E+02
  0.34460402E+01  0.12742104E+02
  0.34672216E+01  0.12748849E+02
  0.34884029E+01  0.12755341E+02
  0.35095842E+01  0.12761564E+02
  0.35307655E+01  0.12767504E+02
  0.35519469E+01  0.12773146E+02
  0.35731282E+01  0.12778477E+02
  0.35943095E+01  0.12783486E+02
  0.36154908E+01  0.12788162E+02
  0.36366722E+01  0.12792496E+02
  0.36578535E+01  0.12796479E+02
  0.36790348E+01  0.12800104E+02
  0.37002161E+01  0.12803364E+02
  0.37213975E+01  0.12806253E+02
  0.37425788E+01  0.12808766E+02
  0.37637601E+01  0.12810900E+02
  0.37849414E+01  0.12812651E+02
  0.38061227E+01  0.12814015E+02
  0.38273041E+01  0.12814991E+02
  0.38484854E+01  0.12815578E+02
  0.38696667E+01  0.12815773E+02
  0.38911506E+01  0.12818624E+02
  0.39126346E+01  0.12827069E+02
  0.39341185E+01  0.12840796E+02
  0.39556024E+01  0.12859297E+02
  0.39770863E+01  0.12881895E+02
  0.39985702E+01  0.12907774E+02
  0.40200541E+01  0.12936006E+02
  0.40415380E+01  0.12965596E+02
  0.40630220E+01  0.12995525E+02
  0.40845059E+01  0.13024813E+02
  0.41059898E+01  0.13052593E+02
  0.41274737E+01  0.13078191E+02
  0.41489576E+01  0.13101174E+02
  0.41704415E+01  0.13121373E+02
  0.41919254E+01  0.13138841E+02
  0.42134094E+01  0.13153785E+02
  0.42348933E+01  0.13166500E+02
  0.42563772E+01  0.13177299E+02
  0.42778611E+01  0.13186480E+02
  0.42993450E+01  0.13194308E+02
  0.43208289E+01  0.13201006E+02
  0.43423129E+01  0.13206755E+02
  0.43637968E+01  0.13211704E+02
  0.43852807E+01  0.13215970E+02
  0.44067646E+01  0.13219649E+02
  0.44282485E+01  0.13222815E+02
  0.44497324E+01  0.13213116E+02
  0.44712163E+01  0.13190787E+02
  0.44927003E+01  0.13166773E+02
  0.45141842E+01  0.13141027E+02
  0.45356681E+01  0.13113501E+02
  0.45571520E+01  0.13084158E+02
  0.45786359E+01  0.13052965E+02
  0.46001198E+01  0.13019896E+02
  0.46216037E+01  0.12984931E+02
  0.46428717E+01  0.13009573E+02
  0.46641397E+01  0.13033194E+02
  0.46854077E+01  0.13055763E+02
  0.47066757E+01  0.13077252E+02
  0.47279437E+01  0.13097633E+02
  0.47492117E+01  0.13116883E+02
  0.47704797E+01  0.13134982E+02
  0.47917477E+01  0.13151913E+02
  0.48130157E+01  0.13167666E+02
  0.48342837E+01  0.13182235E+02
  0.48555516E+01  0.13195625E+02
  0.48768196E+01  0.13207844E+02
  0.48980876E+01  0.13218912E+02
  0.49193556E+01  0.13228857E+02
  0.49406236E+01  0.13237713E+02
  0.49618916E+01  0.13245522E+02
  0.49831596E+01  0.13252331E+02
  0.50044276E+01  0.13258189E+02
  0.50256956E+01  0.13263145E+02
  0.50469636E+01  0.13267247E+02
  0.50682316E+01  0.13270539E+02
  0.50894995E+01  0.13273058E+02
  0.51107675E+01  0.13274834E+02
  0.51320355E+01  0.13275891E+02
  0.51533035E+01  0.13276241E+02
  
  0.00000000E+00  0.13234851E+02
  0.21267991E-01  0.13238101E+02
  0.42535982E-01  0.13247566E+02
  0.63803972E-01  0.13262529E+02
  0.85071963E-01  0.13282128E+02
  0.10633995E+00  0.13305567E+02
  0.12760794E+00  0.13332209E+02
  0.14887594E+00  0.13361575E+02
  0.17014393E+00  0.13393315E+02
  0.19141192E+00  0.13422981E+02
  0.21267991E+00  0.13423853E+02
  0.23394790E+00  0.13424474E+02
  0.25521589E+00  0.13424832E+02
  0.27648388E+00  0.13424928E+02
  0.29775187E+00  0.13424780E+02
  0.31901986E+00  0.13424419E+02
  0.34028785E+00  0.13423884E+02
  0.36155584E+00  0.13423227E+02
  0.38282383E+00  0.13422501E+02
  0.40409183E+00  0.13421769E+02
  0.42535982E+00  0.13421095E+02
  0.44662781E+00  0.13420545E+02
  0.46789580E+00  0.13420186E+02
  0.48916379E+00  0.13420083E+02
  0.51043178E+00  0.13420296E+02
  0.53169977E+00  0.13420880E+02
  0.55296776E+00  0.13421882E+02
  0.57423575E+00  0.13423335E+02
  0.59550374E+00  0.13425262E+02
  0.61677173E+00  0.13427667E+02
  0.63803972E+00  0.13430540E+02
  0.65930771E+00  0.13433856E+02
  0.68057571E+00  0.13437572E+02
  0.70184370E+00  0.13441633E+02
  0.72311169E+00  0.13445976E+02
  0.74437968E+00  0.13450528E+02
  0.76564767E+00  0.13455212E+02
  0.78691566E+00  0.13459950E+02
  0.80818365E+00  0.13464665E+02
  0.82945164E+00  0.13469282E+02
  0.85071963E+00  0.13473733E+02
  0.87198762E+00  0.13477952E+02
  0.89325561E+00  0.13481881E+02
  0.91452360E+00  0.13485468E+02
  0.93579160E+00  0.13488667E+02
  0.95705959E+00  0.13491438E+02
  0.97832758E+00  0.13493750E+02
  0.99959557E+00  0.13495575E+02
  0.10208636E+01  0.13496894E+02
  0.10421315E+01  0.13497690E+02
  0.10633995E+01  0.13497957E+02
  0.10847502E+01  0.13496924E+02
  0.11061010E+01  0.13493832E+02
  0.11274517E+01  0.13488705E+02
  0.11488024E+01  0.13481583E+02
  0.11701531E+01  0.13472520E+02
  0.11915038E+01  0.13461582E+02
  0.12128545E+01  0.13448849E+02
  0.12342052E+01  0.13434411E+02
  0.12555559E+01  0.13418369E+02
  0.12769066E+01  0.13400828E+02
  0.12982573E+01  0.13381901E+02
  0.13196080E+01  0.13361706E+02
  0.13409587E+01  0.13340362E+02
  0.13623094E+01  0.13317990E+02
  0.13836601E+01  0.13294711E+02
  0.14050109E+01  0.13270646E+02
  0.14263616E+01  0.13245910E+02
  0.14477123E+01  0.13220618E+02
  0.14690630E+01  0.13194881E+02
  0.14904137E+01  0.13168803E+02
  0.15117644E+01  0.13142483E+02
  0.15331151E+01  0.13116015E+02
  0.15544658E+01  0.13089485E+02
  0.15758165E+01  0.13062973E+02
  0.15971672E+01  0.13036551E+02
  0.16185179E+01  0.13010283E+02
  0.16398686E+01  0.12984226E+02
  0.16612193E+01  0.12958430E+02
  0.16825700E+01  0.12932936E+02
  0.17039208E+01  0.12907777E+02
  0.17252715E+01  0.12882980E+02
  0.17466222E+01  0.12858566E+02
  0.17679729E+01  0.12834546E+02
  0.17893236E+01  0.12810926E+02
  0.18106743E+01  0.12787707E+02
  0.18320250E+01  0.12764880E+02
  0.18533757E+01  0.12742432E+02
  0.18747264E+01  0.12720342E+02
  0.18960771E+01  0.12698584E+02
  0.19174278E+01  0.12677122E+02
  0.19387785E+01  0.12655915E+02
  0.19601292E+01  0.12634915E+02
  0.19814799E+01  0.12614067E+02
  0.20028307E+01  0.12593313E+02
  0.20241814E+01  0.12572591E+02
  0.20455321E+01  0.12551840E+02
  0.20668828E+01  0.12531004E+02
  0.20882335E+01  0.12510040E+02
  0.21095842E+01  0.12488924E+02
  0.21309349E+01  0.12467662E+02
  0.21522856E+01  0.12446303E+02
  0.21736363E+01  0.12424957E+02
  0.21949870E+01  0.12403808E+02
  0.22163377E+01  0.12383133E+02
  0.22376884E+01  0.12363319E+02
  0.22590391E+01  0.12344864E+02
  0.22803898E+01  0.12328374E+02
  0.23017406E+01  0.12314524E+02
  0.23230913E+01  0.12304001E+02
  0.23444420E+01  0.12297407E+02
  0.23657927E+01  0.12295159E+02
  0.23869740E+01  0.12297528E+02
  0.24081553E+01  0.12304579E+02
  0.24293366E+01  0.12316150E+02
  0.24505180E+01  0.12331986E+02
  0.24716993E+01  0.12351762E+02
  0.24928806E+01  0.12375104E+02
  0.25140619E+01  0.12401614E+02
  0.25352433E+01  0.12430886E+02
  0.25564246E+01  0.12462522E+02
  0.25776059E+01  0.12496141E+02
  0.25987872E+01  0.12531385E+02
  0.26199686E+01  0.12567922E+02
  0.26411499E+01  0.12605445E+02
  0.26623312E+01  0.12643676E+02
  0.26835125E+01  0.12682358E+02
  0.27046939E+01  0.12721262E+02
  0.27258752E+01  0.12760175E+02
  0.27470565E+01  0.12798908E+02
  0.27682378E+01  0.12837287E+02
  0.27894192E+01  0.12875158E+02
  0.28106005E+01  0.12912379E+02
  0.28317818E+01  0.12948824E+02
  0.28529631E+01  0.12984380E+02
  0.28741445E+01  0.13018947E+02
  0.28953258E+01  0.13052434E+02
  0.29165071E+01  0.13084764E+02
  0.29376884E+01  0.13115866E+02
  0.29588698E+01  0.13145681E+02
  0.29800511E+01  0.13174158E+02
  0.30012324E+01  0.13201253E+02
  0.30224137E+01  0.13226931E+02
  0.30435951E+01  0.13251164E+02
  0.30647764E+01  0.13273932E+02
  0.30859577E+01  0.13295220E+02
  0.31071390E+01  0.13315022E+02
  0.31283204E+01  0.13333336E+02
  0.31495017E+01  0.13350170E+02
  0.31706830E+01  0.13365538E+02
  0.31918643E+01  0.13379458E+02
  0.32130457E+01  0.13391959E+02
  0.32342270E+01  0.13403074E+02
  0.32554083E+01  0.13412844E+02
  0.32765896E+01  0.13421315E+02
  0.32977710E+01  0.13428540E+02
  0.33189523E+01  0.13434577E+02
  0.33401336E+01  0.13439490E+02
  0.33613149E+01  0.13443347E+02
  0.33824963E+01  0.13446221E+02
  0.34036776E+01  0.13448186E+02
  0.34248589E+01  0.13449320E+02
  0.34460402E+01  0.13449704E+02
  0.34672216E+01  0.13449417E+02
  0.34884029E+01  0.13448541E+02
  0.35095842E+01  0.13447157E+02
  0.35307655E+01  0.13445346E+02
  0.35519469E+01  0.13443185E+02
  0.35731282E+01  0.13440752E+02
  0.35943095E+01  0.13438122E+02
  0.36154908E+01  0.13435365E+02
  0.36366722E+01  0.13432550E+02
  0.36578535E+01  0.13429743E+02
  0.36790348E+01  0.13427005E+02
  0.37002161E+01  0.13424391E+02
  0.37213975E+01  0.13421955E+02
  0.37425788E+01  0.13411146E+02
  0.37637601E+01  0.13399268E+02
  0.37849414E+01  0.13389279E+02
  0.38061227E+01  0.13381338E+02
  0.38273041E+01  0.13375572E+02
  0.38484854E+01  0.13372074E+02
  0.38696667E+01  0.13370902E+02
  0.38911506E+01  0.13371513E+02
  0.39126346E+01  0.13373368E+02
  0.39341185E+01  0.13376531E+02
  0.39556024E+01  0.13381112E+02
  0.39770863E+01  0.13387269E+02
  0.39985702E+01  0.13395213E+02
  0.40200541E+01  0.13405203E+02
  0.40415380E+01  0.13403794E+02
  0.40630220E+01  0.13401022E+02
  0.40845059E+01  0.13397779E+02
  0.41059898E+01  0.13394020E+02
  0.41274737E+01  0.13389692E+02
  0.41489576E+01  0.13384741E+02
  0.41704415E+01  0.13379108E+02
  0.41919254E+01  0.13372731E+02
  0.42134094E+01  0.13365546E+02
  0.42348933E+01  0.13357484E+02
  0.42563772E+01  0.13348476E+02
  0.42778611E+01  0.13338452E+02
  0.42993450E+01  0.13327340E+02
  0.43208289E+01  0.13315068E+02
  0.43423129E+01  0.13301563E+02
  0.43637968E+01  0.13286754E+02
  0.43852807E+01  0.13270572E+02
  0.44067646E+01  0.13252948E+02
  0.44282485E+01  0.13233817E+02
  0.44497324E+01  0.13225526E+02
  0.44712163E+01  0.13227831E+02
  0.44927003E+01  0.13229767E+02
  0.45141842E+01  0.13231362E+02
  0.45356681E+01  0.13232639E+02
  0.45571520E+01  0.13233616E+02
  0.45786359E+01  0.13234305E+02
  0.46001198E+01  0.13234715E+02
  0.46216037E+01  0.13234851E+02
  0.46428717E+01  0.13236376E+02
  0.46641397E+01  0.13240754E+02
  0.46854077E+01  0.13247679E+02
  0.47066757E+01  0.13256861E+02
  0.47279437E+01  0.13268032E+02
  0.47492117E+01  0.13280951E+02
  0.47704797E+01  0.13295385E+02
  0.47917477E+01  0.13311112E+02
  0.48130157E+01  0.13327910E+02
  0.48342837E+01  0.13345550E+02
  0.48555516E+01  0.13363800E+02
  0.48768196E+01  0.13382419E+02
  0.48980876E+01  0.13401157E+02
  0.49193556E+01  0.13419757E+02
  0.49406236E+01  0.13436296E+02
  0.49618916E+01  0.13438857E+02
  0.49831596E+01  0.13441351E+02
  0.50044276E+01  0.13443720E+02
  0.50256956E+01  0.13445908E+02
  0.50469636E+01  0.13447860E+02
  0.50682316E+01  0.13449530E+02
  0.50894995E+01  0.13450874E+02
  0.51107675E+01  0.13451858E+02
  0.51320355E+01  0.13452459E+02
  0.51533035E+01  0.13452662E+02
  
  0.00000000E+00  0.13413864E+02
  0.21267991E-01  0.13414054E+02
  0.42535982E-01  0.13414610E+02
  0.63803972E-01  0.13415487E+02
  0.85071963E-01  0.13416616E+02
  0.10633995E+00  0.13417912E+02
  0.12760794E+00  0.13419282E+02
  0.14887594E+00  0.13420636E+02
  0.17014393E+00  0.13421892E+02
  0.19141192E+00  0.13427175E+02
  0.21267991E+00  0.13462970E+02
  0.23394790E+00  0.13500561E+02
  0.25521589E+00  0.13539844E+02
  0.27648388E+00  0.13580737E+02
  0.29775187E+00  0.13623175E+02
  0.31901986E+00  0.13667102E+02
  0.34028785E+00  0.13712468E+02
  0.36155584E+00  0.13759226E+02
  0.38282383E+00  0.13807326E+02
  0.40409183E+00  0.13856719E+02
  0.42535982E+00  0.13907350E+02
  0.44662781E+00  0.13959157E+02
  0.46789580E+00  0.14012076E+02
  0.48916379E+00  0.14066034E+02
  0.51043178E+00  0.14120955E+02
  0.53169977E+00  0.14176753E+02
  0.55296776E+00  0.14233339E+02
  0.57423575E+00  0.14290615E+02
  0.59550374E+00  0.14348476E+02
  0.61677173E+00  0.14406806E+02
  0.63803972E+00  0.14465477E+02
  0.65930771E+00  0.14524345E+02
  0.68057571E+00  0.14583248E+02
  0.70184370E+00  0.14641997E+02
  0.72311169E+00  0.14700378E+02
  0.74437968E+00  0.14758145E+02
  0.76564767E+00  0.14815016E+02
  0.78691566E+00  0.14870672E+02
  0.80818365E+00  0.14924760E+02
  0.82945164E+00  0.14976888E+02
  0.85071963E+00  0.15026636E+02
  0.87198762E+00  0.15073559E+02
  0.89325561E+00  0.15117196E+02
  0.91452360E+00  0.15157083E+02
  0.93579160E+00  0.15192762E+02
  0.95705959E+00  0.15223799E+02
  0.97832758E+00  0.15249796E+02
  0.99959557E+00  0.15270404E+02
  0.10208636E+01  0.15285338E+02
  0.10421315E+01  0.15294386E+02
  0.10633995E+01  0.15297417E+02
  0.10847502E+01  0.15296067E+02
  0.11061010E+01  0.15292019E+02
  0.11274517E+01  0.15285281E+02
  0.11488024E+01  0.15275865E+02
  0.11701531E+01  0.15263788E+02
  0.11915038E+01  0.15249075E+02
  0.12128545E+01  0.15231751E+02
  0.12342052E+01  0.15211850E+02
  0.12555559E+01  0.15189408E+02
  0.12769066E+01  0.15164467E+02
  0.12982573E+01  0.15137072E+02
  0.13196080E+01  0.15107272E+02
  0.13409587E+01  0.15075119E+02
  0.13623094E+01  0.15040666E+02
  0.13836601E+01  0.15003968E+02
  0.14050109E+01  0.14965084E+02
  0.14263616E+01  0.14924070E+02
  0.14477123E+01  0.14880986E+02
  0.14690630E+01  0.14835890E+02
  0.14904137E+01  0.14788844E+02
  0.15117644E+01  0.14739907E+02
  0.15331151E+01  0.14689145E+02
  0.15544658E+01  0.14636621E+02
  0.15758165E+01  0.14582401E+02
  0.15971672E+01  0.14526557E+02
  0.16185179E+01  0.14469158E+02
  0.16398686E+01  0.14410281E+02
  0.16612193E+01  0.14350002E+02
  0.16825700E+01  0.14288400E+02
  0.17039208E+01  0.14225555E+02
  0.17252715E+01  0.14161550E+02
  0.17466222E+01  0.14096465E+02
  0.17679729E+01  0.14030384E+02
  0.17893236E+01  0.13963389E+02
  0.18106743E+01  0.13895562E+02
  0.18320250E+01  0.13826986E+02
  0.18533757E+01  0.13757744E+02
  0.18747264E+01  0.13687926E+02
  0.18960771E+01  0.13617621E+02
  0.19174278E+01  0.13546928E+02
  0.19387785E+01  0.13475956E+02
  0.19601292E+01  0.13404823E+02
  0.19814799E+01  0.13333666E+02
  0.20028307E+01  0.13262637E+02
  0.20241814E+01  0.13191914E+02
  0.20455321E+01  0.13121700E+02
  0.20668828E+01  0.13052232E+02
  0.20882335E+01  0.12983783E+02
  0.21095842E+01  0.12916673E+02
  0.21309349E+01  0.12851272E+02
  0.21522856E+01  0.12788017E+02
  0.21736363E+01  0.12727416E+02
  0.21949870E+01  0.12670067E+02
  0.22163377E+01  0.12616661E+02
  0.22376884E+01  0.12567990E+02
  0.22590391E+01  0.12524930E+02
  0.22803898E+01  0.12488395E+02
  0.23017406E+01  0.12459242E+02
  0.23230913E+01  0.12438126E+02
  0.23444420E+01  0.12425402E+02
  0.23657927E+01  0.12421163E+02
  0.23869740E+01  0.12421367E+02
  0.24081553E+01  0.12421977E+02
  0.24293366E+01  0.12422987E+02
  0.24505180E+01  0.12424389E+02
  0.24716993E+01  0.12426171E+02
  0.24928806E+01  0.12428320E+02
  0.25140619E+01  0.12430821E+02
  0.25352433E+01  0.12433661E+02
  0.25564246E+01  0.12462522E+02
  0.25776059E+01  0.12496141E+02
  0.25987872E+01  0.12531385E+02
  0.26199686E+01  0.12567922E+02
  0.26411499E+01  0.12605445E+02
  0.26623312E+01  0.12643676E+02
  0.26835125E+01  0.12682359E+02
  0.27046939E+01  0.12721262E+02
  0.27258752E+01  0.12760176E+02
  0.27470565E+01  0.12798909E+02
  0.27682378E+01  0.12837289E+02
  0.27894192E+01  0.12875159E+02
  0.28106005E+01  0.12912380E+02
  0.28317818E+01  0.12948826E+02
  0.28529631E+01  0.12984382E+02
  0.28741445E+01  0.13018949E+02
  0.28953258E+01  0.13052436E+02
  0.29165071E+01  0.13084765E+02
  0.29376884E+01  0.13115866E+02
  0.29588698E+01  0.13145681E+02
  0.29800511E+01  0.13174158E+02
  0.30012324E+01  0.13201253E+02
  0.30224137E+01  0.13226932E+02
  0.30435951E+01  0.13251165E+02
  0.30647764E+01  0.13273933E+02
  0.30859577E+01  0.13295221E+02
  0.31071390E+01  0.13315023E+02
  0.31283204E+01  0.13333337E+02
  0.31495017E+01  0.13350171E+02
  0.31706830E+01  0.13365538E+02
  0.31918643E+01  0.13379459E+02
  0.32130457E+01  0.13391959E+02
  0.32342270E+01  0.13403074E+02
  0.32554083E+01  0.13412844E+02
  0.32765896E+01  0.13421315E+02
  0.32977710E+01  0.13428540E+02
  0.33189523E+01  0.13434577E+02
  0.33401336E+01  0.13439490E+02
  0.33613149E+01  0.13443348E+02
  0.33824963E+01  0.13446221E+02
  0.34036776E+01  0.13448186E+02
  0.34248589E+01  0.13449321E+02
  0.34460402E+01  0.13449704E+02
  0.34672216E+01  0.13449417E+02
  0.34884029E+01  0.13448541E+02
  0.35095842E+01  0.13447157E+02
  0.35307655E+01  0.13445346E+02
  0.35519469E+01  0.13443185E+02
  0.35731282E+01  0.13440752E+02
  0.35943095E+01  0.13438122E+02
  0.36154908E+01  0.13435365E+02
  0.36366722E+01  0.13432550E+02
  0.36578535E+01  0.13429743E+02
  0.36790348E+01  0.13427005E+02
  0.37002161E+01  0.13424391E+02
  0.37213975E+01  0.13421955E+02
  0.37425788E+01  0.13419744E+02
  0.37637601E+01  0.13417799E+02
  0.37849414E+01  0.13416158E+02
  0.38061227E+01  0.13414849E+02
  0.38273041E+01  0.13413896E+02
  0.38484854E+01  0.13413318E+02
  0.38696667E+01  0.13413124E+02
  0.38911506E+01  0.13412992E+02
  0.39126346E+01  0.13412593E+02
  0.39341185E+01  0.13411918E+02
  0.39556024E+01  0.13410956E+02
  0.39770863E+01  0.13409688E+02
  0.39985702E+01  0.13408092E+02
  0.40200541E+01  0.13406138E+02
  0.40415380E+01  0.13413200E+02
  0.40630220E+01  0.13413220E+02
  0.40845059E+01  0.13413242E+02
  0.41059898E+01  0.13413267E+02
  0.41274737E+01  0.13413294E+02
  0.41489576E+01  0.13413323E+02
  0.41704415E+01  0.13413354E+02
  0.41919254E+01  0.13413386E+02
  0.42134094E+01  0.13413419E+02
  0.42348933E+01  0.13413453E+02
  0.42563772E+01  0.13413488E+02
  0.42778611E+01  0.13413523E+02
  0.42993450E+01  0.13413557E+02
  0.43208289E+01  0.13413591E+02
  0.43423129E+01  0.13413623E+02
  0.43637968E+01  0.13413655E+02
  0.43852807E+01  0.13413685E+02
  0.44067646E+01  0.13413713E+02
  0.44282485E+01  0.13413740E+02
  0.44497324E+01  0.13413764E+02
  0.44712163E+01  0.13413786E+02
  0.44927003E+01  0.13413806E+02
  0.45141842E+01  0.13413823E+02
  0.45356681E+01  0.13413837E+02
  0.45571520E+01  0.13413849E+02
  0.45786359E+01  0.13413857E+02
  0.46001198E+01  0.13413862E+02
  0.46216037E+01  0.13413864E+02
  0.46428717E+01  0.13413960E+02
  0.46641397E+01  0.13414254E+02
  0.46854077E+01  0.13414753E+02
  0.47066757E+01  0.13415462E+02
  0.47279437E+01  0.13416386E+02
  0.47492117E+01  0.13417529E+02
  0.47704797E+01  0.13418890E+02
  0.47917477E+01  0.13420469E+02
  0.48130157E+01  0.13422257E+02
  0.48342837E+01  0.13424245E+02
  0.48555516E+01  0.13426413E+02
  0.48768196E+01  0.13428738E+02
  0.48980876E+01  0.13431187E+02
  0.49193556E+01  0.13433722E+02
  0.49406236E+01  0.13437955E+02
  0.49618916E+01  0.13455488E+02
  0.49831596E+01  0.13472088E+02
  0.50044276E+01  0.13487494E+02
  0.50256956E+01  0.13501453E+02
  0.50469636E+01  0.13513729E+02
  0.50682316E+01  0.13524102E+02
  0.50894995E+01  0.13532384E+02
  0.51107675E+01  0.13538418E+02
  0.51320355E+01  0.13542086E+02
  0.51533035E+01  0.13543317E+02
  
  0.00000000E+00  0.14042794E+02
  0.21267991E-01  0.14044367E+02
  0.42535982E-01  0.14049079E+02
  0.63803972E-01  0.14056907E+02
  0.85071963E-01  0.14067813E+02
  0.10633995E+00  0.14081739E+02
  0.12760794E+00  0.14098607E+02
  0.14887594E+00  0.14118315E+02
  0.17014393E+00  0.14140741E+02
  0.19141192E+00  0.14165738E+02
  0.21267991E+00  0.14193141E+02
  0.23394790E+00  0.14222766E+02
  0.25521589E+00  0.14254415E+02
  0.27648388E+00  0.14287880E+02
  0.29775187E+00  0.14322946E+02
  0.31901986E+00  0.14359396E+02
  0.34028785E+00  0.14397010E+02
  0.36155584E+00  0.14435573E+02
  0.38282383E+00  0.14474872E+02
  0.40409183E+00  0.14514702E+02
  0.42535982E+00  0.14554863E+02
  0.44662781E+00  0.14595165E+02
  0.46789580E+00  0.14635425E+02
  0.48916379E+00  0.14675472E+02
  0.51043178E+00  0.14715143E+02
  0.53169977E+00  0.14754286E+02
  0.55296776E+00  0.14792759E+02
  0.57423575E+00  0.14830430E+02
  0.59550374E+00  0.14867177E+02
  0.61677173E+00  0.14902888E+02
  0.63803972E+00  0.14937462E+02
  0.65930771E+00  0.14970804E+02
  0.68057571E+00  0.15002831E+02
  0.70184370E+00  0.15033466E+02
  0.72311169E+00  0.15062641E+02
  0.74437968E+00  0.15090296E+02
  0.76564767E+00  0.15116376E+02
  0.78691566E+00  0.15140832E+02
  0.80818365E+00  0.15163623E+02
  0.82945164E+00  0.15184710E+02
  0.85071963E+00  0.15204061E+02
  0.87198762E+00  0.15221648E+02
  0.89325561E+00  0.15237445E+02
  0.91452360E+00  0.15251431E+02
  0.93579160E+00  0.15263587E+02
  0.95705959E+00  0.15273898E+02
  0.97832758E+00  0.15282351E+02
  0.99959557E+00  0.15288937E+02
  0.10208636E+01  0.15293646E+02
  0.10421315E+01  0.15296474E+02
  0.10633995E+01  0.15297417E+02
  0.10847502E+01  0.15296067E+02
  0.11061010E+01  0.15292019E+02
  0.11274517E+01  0.15285281E+02
  0.11488024E+01  0.15275865E+02
  0.11701531E+01  0.15263788E+02
  0.11915038E+01  0.15249075E+02
  0.12128545E+01  0.15231751E+02
  0.12342052E+01  0.15211850E+02
  0.12555559E+01  0.15189408E+02
  0.12769066E+01  0.15164467E+02
  0.12982573E+01  0.15137072E+02
  0.13196080E+01  0.15107272E+02
  0.13409587E+01  0.15075119E+02
  0.13623094E+01  0.15040666E+02
  0.13836601E+01  0.15003969E+02
  0.14050109E+01  0.14965084E+02
  0.14263616E+01  0.14924070E+02
  0.14477123E+01  0.14880986E+02
  0.14690630E+01  0.14835890E+02
  0.14904137E+01  0.14788844E+02
  0.15117644E+01  0.14739908E+02
  0.15331151E+01  0.14689145E+02
  0.15544658E+01  0.14636621E+02
  0.15758165E+01  0.14582401E+02
  0.15971672E+01  0.14526557E+02
  0.16185179E+01  0.14469158E+02
  0.16398686E+01  0.14410281E+02
  0.16612193E+01  0.14350002E+02
  0.16825700E+01  0.14288400E+02
  0.17039208E+01  0.14225556E+02
  0.17252715E+01  0.14161550E+02
  0.17466222E+01  0.14096466E+02
  0.17679729E+01  0.14030385E+02
  0.17893236E+01  0.13963390E+02
  0.18106743E+01  0.13895562E+02
  0.18320250E+01  0.13826986E+02
  0.18533757E+01  0.13757745E+02
  0.18747264E+01  0.13687926E+02
  0.18960771E+01  0.13617621E+02
  0.19174278E+01  0.13546929E+02
  0.19387785E+01  0.13475957E+02
  0.19601292E+01  0.13404824E+02
  0.19814799E+01  0.13333666E+02
  0.20028307E+01  0.13262638E+02
  0.20241814E+01  0.13191914E+02
  0.20455321E+01  0.13121701E+02
  0.20668828E+01  0.13052232E+02
  0.20882335E+01  0.12983783E+02
  0.21095842E+01  0.12916673E+02
  0.21309349E+01  0.12851272E+02
  0.21522856E+01  0.12788017E+02
  0.21736363E+01  0.12727417E+02
  0.21949870E+01  0.12670068E+02
  0.22163377E+01  0.12616662E+02
  0.22376884E+01  0.12567990E+02
  0.22590391E+01  0.12524930E+02
  0.22803898E+01  0.12488396E+02
  0.23017406E+01  0.12459242E+02
  0.23230913E+01  0.12438126E+02
  0.23444420E+01  0.12425402E+02
  0.23657927E+01  0.12421163E+02
  0.23869740E+01  0.12429228E+02
  0.24081553E+01  0.12452603E+02
  0.24293366E+01  0.12489099E+02
  0.24505180E+01  0.12535821E+02
  0.24716993E+01  0.12589799E+02
  0.24928806E+01  0.12648386E+02
  0.25140619E+01  0.12709411E+02
  0.25352433E+01  0.12771185E+02
  0.25564246E+01  0.12832445E+02
  0.25776059E+01  0.12892276E+02
  0.25987872E+01  0.12950042E+02
  0.26199686E+01  0.13005330E+02
  0.26411499E+01  0.13057899E+02
  0.26623312E+01  0.13107646E+02
  0.26835125E+01  0.13154567E+02
  0.27046939E+01  0.13198738E+02
  0.27258752E+01  0.13240287E+02
  0.27470565E+01  0.13279375E+02
  0.27682378E+01  0.13316182E+02
  0.27894192E+01  0.13350889E+02
  0.28106005E+01  0.13383672E+02
  0.28317818E+01  0.13414687E+02
  0.28529631E+01  0.13444069E+02
  0.28741445E+01  0.13471927E+02
  0.28953258E+01  0.13498341E+02
  0.29165071E+01  0.13523361E+02
  0.29376884E+01  0.13547015E+02
  0.29588698E+01  0.13569307E+02
  0.29800511E+01  0.13590221E+02
  0.30012324E+01  0.13609730E+02
  0.30224137E+01  0.13627796E+02
  0.30435951E+01  0.13644377E+02
  0.30647764E+01  0.13659429E+02
  0.30859577E+01  0.13672912E+02
  0.31071390E+01  0.13684789E+02
  0.31283204E+01  0.13695031E+02
  0.31495017E+01  0.13703614E+02
  0.31706830E+01  0.13710522E+02
  0.31918643E+01  0.13715746E+02
  0.32130457E+01  0.13719283E+02
  0.32342270E+01  0.13721135E+02
  0.32554083E+01  0.13721308E+02
  0.32765896E+01  0.13719814E+02
  0.32977710E+01  0.13716668E+02
  0.33189523E+01  0.13711890E+02
  0.33401336E+01  0.13705508E+02
  0.33613149E+01  0.13697554E+02
  0.33824963E+01  0.13688072E+02
  0.34036776E+01  0.13677117E+02
  0.34248589E+01  0.13664755E+02
  0.34460402E+01  0.13651072E+02
  0.34672216E+01  0.13636169E+02
  0.34884029E+01  0.13620165E+02
  0.35095842E+01  0.13603203E+02
  0.35307655E+01  0.13585444E+02
  0.35519469E+01  0.13567069E+02
  0.35731282E+01  0.13548279E+02
  0.35943095E+01  0.13529292E+02
  0.36154908E+01  0.13510339E+02
  0.36366722E+01  0.13491665E+02
  0.36578535E+01  0.13473516E+02
  0.36790348E+01  0.13456147E+02
  0.37002161E+01  0.13439804E+02
  0.37213975E+01  0.13424728E+02
  0.37425788E+01  0.13419744E+02
  0.37637601E+01  0.13417799E+02
  0.37849414E+01  0.13416158E+02
  0.38061227E+01  0.13414849E+02
  0.38273041E+01  0.13413896E+02
  0.38484854E+01  0.13413318E+02
  0.38696667E+01  0.13413124E+02
  0.38911506E+01  0.13413125E+02
  0.39126346E+01  0.13413129E+02
  0.39341185E+01  0.13413135E+02
  0.39556024E+01  0.13413143E+02
  0.39770863E+01  0.13413153E+02
  0.39985702E+01  0.13413166E+02
  0.40200541E+01  0.13413182E+02
  0.40415380E+01  0.13417539E+02
  0.40630220E+01  0.13432543E+02
  0.40845059E+01  0.13450509E+02
  0.41059898E+01  0.13471654E+02
  0.41274737E+01  0.13496045E+02
  0.41489576E+01  0.13523550E+02
  0.41704415E+01  0.13553832E+02
  0.41919254E+01  0.13586381E+02
  0.42134094E+01  0.13620580E+02
  0.42348933E+01  0.13655782E+02
  0.42563772E+01  0.13691363E+02
  0.42778611E+01  0.13726759E+02
  0.42993450E+01  0.13761480E+02
  0.43208289E+01  0.13795115E+02
  0.43423129E+01  0.13827322E+02
  0.43637968E+01  0.13857826E+02
  0.43852807E+01  0.13886404E+02
  0.44067646E+01  0.13912881E+02
  0.44282485E+01  0.13937118E+02
  0.44497324E+01  0.13959006E+02
  0.44712163E+01  0.13978462E+02
  0.44927003E+01  0.13995422E+02
  0.45141842E+01  0.14009837E+02
  0.45356681E+01  0.14021672E+02
  0.45571520E+01  0.14030901E+02
  0.45786359E+01  0.14037505E+02
  0.46001198E+01  0.14041471E+02
  0.46216037E+01  0.14042794E+02
  0.46428717E+01  0.14042925E+02
  0.46641397E+01  0.14043283E+02
  0.46854077E+01  0.14043822E+02
  0.47066757E+01  0.14044494E+02
  0.47279437E+01  0.14045255E+02
  0.47492117E+01  0.14046063E+02
  0.47704797E+01  0.14046880E+02
  0.47917477E+01  0.14047672E+02
  0.48130157E+01  0.14048408E+02
  0.48342837E+01  0.14049063E+02
  0.48555516E+01  0.14049614E+02
  0.48768196E+01  0.14050047E+02
  0.48980876E+01  0.14050349E+02
  0.49193556E+01  0.14050517E+02
  0.49406236E+01  0.14050552E+02
  0.49618916E+01  0.14050462E+02
  0.49831596E+01  0.14050261E+02
  0.50044276E+01  0.14049972E+02
  0.50256956E+01  0.14049621E+02
  0.50469636E+01  0.14049240E+02
  0.50682316E+01  0.14048863E+02
  0.50894995E+01  0.14048525E+02
  0.51107675E+01  0.14048258E+02
  0.51320355E+01  0.14048087E+02
  0.51533035E+01  0.14048028E+02
  
