  0.00000000E+00  0.79034607E+01
  0.21267991E-01  0.78962354E+01
  0.42535982E-01  0.78756678E+01
  0.63803972E-01  0.78443243E+01
  0.85071963E-01  0.78049211E+01
  0.10633995E+00  0.77596334E+01
  0.12760794E+00  0.77100205E+01
  0.14887594E+00  0.76571718E+01
  0.17014393E+00  0.76018618E+01
  0.19141192E+00  0.75446613E+01
  0.21267991E+00  0.74860099E+01
  0.23394790E+00  0.74262608E+01
  0.25521589E+00  0.73657084E+01
  0.27648388E+00  0.73046059E+01
  0.29775187E+00  0.72431770E+01
  0.31901986E+00  0.71816225E+01
  0.34028785E+00  0.71201258E+01
  0.36155584E+00  0.70588562E+01
  0.38282383E+00  0.69979711E+01
  0.40409183E+00  0.69376179E+01
  0.42535982E+00  0.68779353E+01
  0.44662781E+00  0.68190542E+01
  0.46789580E+00  0.67610988E+01
  0.48916379E+00  0.67041869E+01
  0.51043178E+00  0.66484305E+01
  0.53169977E+00  0.65939364E+01
  0.55296776E+00  0.65408062E+01
  0.57423575E+00  0.64891368E+01
  0.59550374E+00  0.64390207E+01
  0.61677173E+00  0.63905455E+01
  0.63803972E+00  0.63437948E+01
  0.65930771E+00  0.62988479E+01
  0.68057571E+00  0.62557795E+01
  0.70184370E+00  0.62146602E+01
  0.72311169E+00  0.61755564E+01
  0.74437968E+00  0.61385300E+01
  0.76564767E+00  0.61036387E+01
  0.78691566E+00  0.60709356E+01
  0.80818365E+00  0.60404699E+01
  0.82945164E+00  0.60122861E+01
  0.85071963E+00  0.59864249E+01
  0.87198762E+00  0.59629226E+01
  0.89325561E+00  0.59418114E+01
  0.91452360E+00  0.59231198E+01
  0.93579160E+00  0.59068724E+01
  0.95705959E+00  0.58930902E+01
  0.97832758E+00  0.58817906E+01
  0.99959557E+00  0.58729877E+01
  0.10208636E+01  0.58666923E+01
  0.10421315E+01  0.58629120E+01
  0.10633995E+01  0.58616514E+01
  0.10847502E+01  0.58642578E+01
  0.11061010E+01  0.58720701E+01
  0.11274517E+01  0.58850680E+01
  0.11488024E+01  0.59032181E+01
  0.11701531E+01  0.59264743E+01
  0.11915038E+01  0.59547791E+01
  0.12128545E+01  0.59880643E+01
  0.12342052E+01  0.60262521E+01
  0.12555559E+01  0.60692563E+01
  0.12769066E+01  0.61169833E+01
  0.12982573E+01  0.61693330E+01
  0.13196080E+01  0.62261995E+01
  0.13409587E+01  0.62874719E+01
  0.13623094E+01  0.63530345E+01
  0.13836601E+01  0.64227671E+01
  0.14050109E+01  0.64965451E+01
  0.14263616E+01  0.65742391E+01
  0.14477123E+01  0.66557149E+01
  0.14690630E+01  0.67408333E+01
  0.14904137E+01  0.68294500E+01
  0.15117644E+01  0.69214150E+01
  0.15331151E+01  0.70165733E+01
  0.15544658E+01  0.71147652E+01
  0.15758165E+01  0.72158263E+01
  0.15971672E+01  0.73195886E+01
  0.16185179E+01  0.74258816E+01
  0.16398686E+01  0.75345330E+01
  0.16612193E+01  0.76453704E+01
  0.16825700E+01  0.77582220E+01
  0.17039208E+01  0.78729178E+01
  0.17252715E+01  0.79892901E+01
  0.17466222E+01  0.81071745E+01
  0.17679729E+01  0.82264087E+01
  0.17893236E+01  0.83468327E+01
  0.18106743E+01  0.84682865E+01
  0.18320250E+01  0.85906086E+01
  0.18533757E+01  0.87136325E+01
  0.18747264E+01  0.88371835E+01
  0.18960771E+01  0.89610742E+01
  0.19174278E+01  0.90851001E+01
  0.19387785E+01  0.92090345E+01
  0.19601292E+01  0.93326237E+01
  0.19814799E+01  0.94555815E+01
  0.20028307E+01  0.95775850E+01
  0.20241814E+01  0.96982698E+01
  0.20455321E+01  0.98172264E+01
  0.20668828E+01  0.99339963E+01
  0.20882335E+01  0.10048069E+02
  0.21095842E+01  0.10158878E+02
  0.21309349E+01  0.10265801E+02
  0.21522856E+01  0.10368150E+02
  0.21736363E+01  0.10465175E+02
  0.21949870E+01  0.10556054E+02
  0.22163377E+01  0.10639892E+02
  0.22376884E+01  0.10715724E+02
  0.22590391E+01  0.10782519E+02
  0.22803898E+01  0.10839210E+02
  0.23017406E+01  0.10884729E+02
  0.23230913E+01  0.10918089E+02
  0.23444420E+01  0.10938471E+02
  0.23657927E+01  0.10945329E+02
  0.23869740E+01  0.10934247E+02
  0.24081553E+01  0.10901818E+02
  0.24293366E+01  0.10850221E+02
  0.24505180E+01  0.10782366E+02
  0.24716993E+01  0.10701282E+02
  0.24928806E+01  0.10609728E+02
  0.25140619E+01  0.10510046E+02
  0.25352433E+01  0.10404151E+02
  0.25564246E+01  0.10293584E+02
  0.25776059E+01  0.10179592E+02
  0.25987872E+01  0.10063185E+02
  0.26199686E+01  0.99451931E+01
  0.26411499E+01  0.98263072E+01
  0.26623312E+01  0.97071098E+01
  0.26835125E+01  0.95880988E+01
  0.27046939E+01  0.94697042E+01
  0.27258752E+01  0.93523021E+01
  0.27470565E+01  0.92362240E+01
  0.27682378E+01  0.91217649E+01
  0.27894192E+01  0.90091886E+01
  0.28106005E+01  0.88987326E+01
  0.28317818E+01  0.87906109E+01
  0.28529631E+01  0.86850169E+01
  0.28741445E+01  0.85821248E+01
  0.28953258E+01  0.84820915E+01
  0.29165071E+01  0.83850576E+01
  0.29376884E+01  0.82911477E+01
  0.29588698E+01  0.82004720E+01
  0.29800511E+01  0.81131259E+01
  0.30012324E+01  0.80291913E+01
  0.30224137E+01  0.79487368E+01
  0.30435951E+01  0.78718180E+01
  0.30647764E+01  0.77984788E+01
  0.30859577E+01  0.77287507E+01
  0.31071390E+01  0.76626546E+01
  0.31283204E+01  0.76002003E+01
  0.31495017E+01  0.75413874E+01
  0.31706830E+01  0.74862058E+01
  0.31918643E+01  0.74346357E+01
  0.32130457E+01  0.73866482E+01
  0.32342270E+01  0.73422052E+01
  0.32554083E+01  0.73012598E+01
  0.32765896E+01  0.72637560E+01
  0.32977710E+01  0.72296289E+01
  0.33189523E+01  0.71988043E+01
  0.33401336E+01  0.71711987E+01
  0.33613149E+01  0.71467186E+01
  0.33824963E+01  0.71252607E+01
  0.34036776E+01  0.71067108E+01
  0.34248589E+01  0.70909442E+01
  0.34460402E+01  0.70778246E+01
  0.34672216E+01  0.70672044E+01
  0.34884029E+01  0.70589245E+01
  0.35095842E+01  0.70528140E+01
  0.35307655E+01  0.70486910E+01
  0.35519469E+01  0.70463628E+01
  0.35731282E+01  0.70456270E+01
  0.35943095E+01  0.70462730E+01
  0.36154908E+01  0.70480835E+01
  0.36366722E+01  0.70508367E+01
  0.36578535E+01  0.70543089E+01
  0.36790348E+01  0.70582778E+01
  0.37002161E+01  0.70625257E+01
  0.37213975E+01  0.70668429E+01
  0.37425788E+01  0.70710321E+01
  0.37637601E+01  0.70749121E+01
  0.37849414E+01  0.70783217E+01
  0.38061227E+01  0.70811232E+01
  0.38273041E+01  0.70832059E+01
  0.38484854E+01  0.70844886E+01
  0.38696667E+01  0.70849217E+01
  0.38911506E+01  0.70855937E+01
  0.39126346E+01  0.70876093E+01
  0.39341185E+01  0.70909662E+01
  0.39556024E+01  0.70956612E+01
  0.39770863E+01  0.71016903E+01
  0.39985702E+01  0.71090485E+01
  0.40200541E+01  0.71177310E+01
  0.40415380E+01  0.71277326E+01
  0.40630220E+01  0.71390492E+01
  0.40845059E+01  0.71516774E+01
  0.41059898E+01  0.71656150E+01
  0.41274737E+01  0.71808616E+01
  0.41489576E+01  0.71974183E+01
  0.41704415E+01  0.72152880E+01
  0.41919254E+01  0.72344754E+01
  0.42134094E+01  0.72549869E+01
  0.42348933E+01  0.72768300E+01
  0.42563772E+01  0.73000133E+01
  0.42778611E+01  0.73245460E+01
  0.42993450E+01  0.73504372E+01
  0.43208289E+01  0.73776958E+01
  0.43423129E+01  0.74063296E+01
  0.43637968E+01  0.74363451E+01
  0.43852807E+01  0.74677469E+01
  0.44067646E+01  0.75005374E+01
  0.44282485E+01  0.75347166E+01
  0.44497324E+01  0.75702817E+01
  0.44712163E+01  0.76072271E+01
  0.44927003E+01  0.76455444E+01
  0.45141842E+01  0.76852225E+01
  0.45356681E+01  0.77262477E+01
  0.45571520E+01  0.77686036E+01
  0.45786359E+01  0.78122718E+01
  0.46001198E+01  0.78572317E+01
  0.46216037E+01  0.79034607E+01
  0.46428717E+01  0.78712257E+01
  0.46641397E+01  0.78401353E+01
  0.46854077E+01  0.78102145E+01
  0.47066757E+01  0.77814873E+01
  0.47279437E+01  0.77539769E+01
  0.47492117E+01  0.77277057E+01
  0.47704797E+01  0.77026944E+01
  0.47917477E+01  0.76789627E+01
  0.48130157E+01  0.76565283E+01
  0.48342837E+01  0.76354073E+01
  0.48555516E+01  0.76156136E+01
  0.48768196E+01  0.75971592E+01
  0.48980876E+01  0.75800543E+01
  0.49193556E+01  0.75643067E+01
  0.49406236E+01  0.75499226E+01
  0.49618916E+01  0.75369064E+01
  0.49831596E+01  0.75252607E+01
  0.50044276E+01  0.75149871E+01
  0.50256956E+01  0.75060860E+01
  0.50469636E+01  0.74985570E+01
  0.50682316E+01  0.74923993E+01
  0.50894995E+01  0.74876116E+01
  0.51107675E+01  0.74841928E+01
  0.51320355E+01  0.74821420E+01
  0.51533035E+01  0.74814584E+01
  
  0.00000000E+00  0.79034607E+01
  0.21267991E-01  0.79041967E+01
  0.42535982E-01  0.79064015E+01
  0.63803972E-01  0.79100658E+01
  0.85071963E-01  0.79151739E+01
  0.10633995E+00  0.79217038E+01
  0.12760794E+00  0.79296271E+01
  0.14887594E+00  0.79389089E+01
  0.17014393E+00  0.79495083E+01
  0.19141192E+00  0.79613776E+01
  0.21267991E+00  0.79744635E+01
  0.23394790E+00  0.79887066E+01
  0.25521589E+00  0.80040422E+01
  0.27648388E+00  0.80204005E+01
  0.29775187E+00  0.80377073E+01
  0.31901986E+00  0.80558844E+01
  0.34028785E+00  0.80748504E+01
  0.36155584E+00  0.80945214E+01
  0.38282383E+00  0.81148112E+01
  0.40409183E+00  0.81356323E+01
  0.42535982E+00  0.81568962E+01
  0.44662781E+00  0.81785137E+01
  0.46789580E+00  0.82003956E+01
  0.48916379E+00  0.82224529E+01
  0.51043178E+00  0.82445970E+01
  0.53169977E+00  0.82667395E+01
  0.55296776E+00  0.82887933E+01
  0.57423575E+00  0.83106718E+01
  0.59550374E+00  0.83322897E+01
  0.61677173E+00  0.83535631E+01
  0.63803972E+00  0.83744097E+01
  0.65930771E+00  0.83947491E+01
  0.68057571E+00  0.84145035E+01
  0.70184370E+00  0.84335978E+01
  0.72311169E+00  0.84519604E+01
  0.74437968E+00  0.84695234E+01
  0.76564767E+00  0.84862232E+01
  0.78691566E+00  0.85020008E+01
  0.80818365E+00  0.85168021E+01
  0.82945164E+00  0.85305781E+01
  0.85071963E+00  0.85432852E+01
  0.87198762E+00  0.85548847E+01
  0.89325561E+00  0.85653431E+01
  0.91452360E+00  0.85746317E+01
  0.93579160E+00  0.85827262E+01
  0.95705959E+00  0.85896066E+01
  0.97832758E+00  0.85952567E+01
  0.99959557E+00  0.85996637E+01
  0.10208636E+01  0.86028182E+01
  0.10421315E+01  0.86047134E+01
  0.10633995E+01  0.86053456E+01
  0.10847502E+01  0.86062516E+01
  0.11061010E+01  0.86089689E+01
  0.11274517E+01  0.86134953E+01
  0.11488024E+01  0.86198277E+01
  0.11701531E+01  0.86279614E+01
  0.11915038E+01  0.86378909E+01
  0.12128545E+01  0.86496093E+01
  0.12342052E+01  0.86631094E+01
  0.12555559E+01  0.86783829E+01
  0.12769066E+01  0.86954211E+01
  0.12982573E+01  0.87142144E+01
  0.13196080E+01  0.87347529E+01
  0.13409587E+01  0.87570258E+01
  0.13623094E+01  0.87810219E+01
  0.13836601E+01  0.88067287E+01
  0.14050109E+01  0.88341329E+01
  0.14263616E+01  0.88632198E+01
  0.14477123E+01  0.88939734E+01
  0.14690630E+01  0.89263757E+01
  0.14904137E+01  0.89604070E+01
  0.15117644E+01  0.89960455E+01
  0.15331151E+01  0.90332671E+01
  0.15544658E+01  0.90720457E+01
  0.15758165E+01  0.91123527E+01
  0.15971672E+01  0.91541576E+01
  0.16185179E+01  0.91974277E+01
  0.16398686E+01  0.92421286E+01
  0.16612193E+01  0.92882240E+01
  0.16825700E+01  0.93356762E+01
  0.17039208E+01  0.93844458E+01
  0.17252715E+01  0.94344922E+01
  0.17466222E+01  0.94857731E+01
  0.17679729E+01  0.95382445E+01
  0.17893236E+01  0.95918602E+01
  0.18106743E+01  0.96465712E+01
  0.18320250E+01  0.97023251E+01
  0.18533757E+01  0.97590648E+01
  0.18747264E+01  0.98167276E+01
  0.18960771E+01  0.98752434E+01
  0.19174278E+01  0.99345331E+01
  0.19387785E+01  0.99945067E+01
  0.19601292E+01  0.10055061E+02
  0.19814799E+01  0.10116077E+02
  0.20028307E+01  0.10177418E+02
  0.20241814E+01  0.10238923E+02
  0.20455321E+01  0.10300408E+02
  0.20668828E+01  0.10361656E+02
  0.20882335E+01  0.10422416E+02
  0.21095842E+01  0.10482395E+02
  0.21309349E+01  0.10541247E+02
  0.21522856E+01  0.10598568E+02
  0.21736363E+01  0.10653887E+02
  0.21949870E+01  0.10706649E+02
  0.22163377E+01  0.10756213E+02
  0.22376884E+01  0.10801845E+02
  0.22590391E+01  0.10842721E+02
  0.22803898E+01  0.10877949E+02
  0.23017406E+01  0.10906614E+02
  0.23230913E+01  0.10927846E+02
  0.23444420E+01  0.10940915E+02
  0.23657927E+01  0.10945329E+02
  0.23869740E+01  0.10943168E+02
  0.24081553E+01  0.10936738E+02
  0.24293366E+01  0.10926187E+02
  0.24505180E+01  0.10911749E+02
  0.24716993E+01  0.10893724E+02
  0.24928806E+01  0.10872452E+02
  0.25140619E+01  0.10848296E+02
  0.25352433E+01  0.10821625E+02
  0.25564246E+01  0.10792798E+02
  0.25776059E+01  0.10762156E+02
  0.25987872E+01  0.10730019E+02
  0.26199686E+01  0.10696680E+02
  0.26411499E+01  0.10662409E+02
  0.26623312E+01  0.10627450E+02
  0.26835125E+01  0.10592023E+02
  0.27046939E+01  0.10556327E+02
  0.27258752E+01  0.10520543E+02
  0.27470565E+01  0.10484831E+02
  0.27682378E+01  0.10449332E+02
  0.27894192E+01  0.10414178E+02
  0.28106005E+01  0.10379483E+02
  0.28317818E+01  0.10345347E+02
  0.28529631E+01  0.10311857E+02
  0.28741445E+01  0.10279087E+02
  0.28953258E+01  0.10247102E+02
  0.29165071E+01  0.10215953E+02
  0.29376884E+01  0.10185683E+02
  0.29588698E+01  0.10156324E+02
  0.29800511E+01  0.10127901E+02
  0.30012324E+01  0.10100433E+02
  0.30224137E+01  0.10073929E+02
  0.30435951E+01  0.10048395E+02
  0.30647764E+01  0.10023832E+02
  0.30859577E+01  0.10000237E+02
  0.31071390E+01  0.99776039E+01
  0.31283204E+01  0.99559237E+01
  0.31495017E+01  0.99351867E+01
  0.31706830E+01  0.99153837E+01
  0.31918643E+01  0.98965034E+01
  0.32130457E+01  0.98785337E+01
  0.32342270E+01  0.98614621E+01
  0.32554083E+01  0.98452756E+01
  0.32765896E+01  0.98299607E+01
  0.32977710E+01  0.98155034E+01
  0.33189523E+01  0.98018885E+01
  0.33401336E+01  0.97890999E+01
  0.33613149E+01  0.97771203E+01
  0.33824963E+01  0.97659309E+01
  0.34036776E+01  0.97555110E+01
  0.34248589E+01  0.97458387E+01
  0.34460402E+01  0.97368899E+01
  0.34672216E+01  0.97286391E+01
  0.34884029E+01  0.97210592E+01
  0.35095842E+01  0.97141209E+01
  0.35307655E+01  0.97077953E+01
  0.35519469E+01  0.97020521E+01
  0.35731282E+01  0.96968606E+01
  0.35943095E+01  0.96921897E+01
  0.36154908E+01  0.96880086E+01
  0.36366722E+01  0.96842874E+01
  0.36578535E+01  0.96809971E+01
  0.36790348E+01  0.96781101E+01
  0.37002161E+01  0.96756007E+01
  0.37213975E+01  0.96734451E+01
  0.37425788E+01  0.96716219E+01
  0.37637601E+01  0.96701120E+01
  0.37849414E+01  0.96688993E+01
  0.38061227E+01  0.96679703E+01
  0.38273041E+01  0.96673143E+01
  0.38484854E+01  0.96669237E+01
  0.38696667E+01  0.96667941E+01
  0.38911506E+01  0.96626204E+01
  0.39126346E+01  0.96502421E+01
  0.39341185E+01  0.96300664E+01
  0.39556024E+01  0.96027086E+01
  0.39770863E+01  0.95689180E+01
  0.39985702E+01  0.95295036E+01
  0.40200541E+01  0.94852737E+01
  0.40415380E+01  0.94369938E+01
  0.40630220E+01  0.93853627E+01
  0.40845059E+01  0.93310022E+01
  0.41059898E+01  0.92744566E+01
  0.41274737E+01  0.92161976E+01
  0.41489576E+01  0.91566311E+01
  0.41704415E+01  0.90961058E+01
  0.41919254E+01  0.90349209E+01
  0.42134094E+01  0.89733335E+01
  0.42348933E+01  0.89115649E+01
  0.42563772E+01  0.88498059E+01
  0.42778611E+01  0.87882217E+01
  0.42993450E+01  0.87269552E+01
  0.43208289E+01  0.86661309E+01
  0.43423129E+01  0.86058570E+01
  0.43637968E+01  0.85462280E+01
  0.43852807E+01  0.84873267E+01
  0.44067646E+01  0.84292256E+01
  0.44282485E+01  0.83719889E+01
  0.44497324E+01  0.83156731E+01
  0.44712163E+01  0.82603288E+01
  0.44927003E+01  0.82060013E+01
  0.45141842E+01  0.81527315E+01
  0.45356681E+01  0.81005568E+01
  0.45571520E+01  0.80495116E+01
  0.45786359E+01  0.79996277E+01
  0.46001198E+01  0.79509348E+01
  0.46216037E+01  0.79034607E+01
  0.46428717E+01  0.79327376E+01
  0.46641397E+01  0.79541084E+01
  0.46854077E+01  0.79671013E+01
  0.47066757E+01  0.79724698E+01
  0.47279437E+01  0.79717715E+01
  0.47492117E+01  0.79667073E+01
  0.47704797E+01  0.79587171E+01
  0.47917477E+01  0.79488813E+01
  0.48130157E+01  0.79379715E+01
  0.48342837E+01  0.79265322E+01
  0.48555516E+01  0.79149513E+01
  0.48768196E+01  0.79035099E+01
  0.48980876E+01  0.78924164E+01
  0.49193556E+01  0.78818288E+01
  0.49406236E+01  0.78718699E+01
  0.49618916E+01  0.78626361E+01
  0.49831596E+01  0.78542052E+01
  0.50044276E+01  0.78466399E+01
  0.50256956E+01  0.78399912E+01
  0.50469636E+01  0.78343008E+01
  0.50682316E+01  0.78296021E+01
  0.50894995E+01  0.78259212E+01
  0.51107675E+01  0.78232782E+01
  0.51320355E+01  0.78216869E+01
  0.51533035E+01  0.78211556E+01
  
  0.00000000E+00  0.83021181E+01
  0.21267991E-01  0.83074068E+01
  0.42535982E-01  0.83221752E+01
  0.63803972E-01  0.83438883E+01
  0.85071963E-01  0.83698825E+01
  0.10633995E+00  0.83980554E+01
  0.12760794E+00  0.84269401E+01
  0.14887594E+00  0.84555587E+01
  0.17014393E+00  0.84832662E+01
  0.19141192E+00  0.85096381E+01
  0.21267991E+00  0.85343967E+01
  0.23394790E+00  0.85573648E+01
  0.25521589E+00  0.85784367E+01
  0.27648388E+00  0.85975587E+01
  0.29775187E+00  0.86147161E+01
  0.31901986E+00  0.86299245E+01
  0.34028785E+00  0.86432231E+01
  0.36155584E+00  0.86546695E+01
  0.38282383E+00  0.86643360E+01
  0.40409183E+00  0.86723065E+01
  0.42535982E+00  0.86786737E+01
  0.44662781E+00  0.86835368E+01
  0.46789580E+00  0.86870001E+01
  0.48916379E+00  0.86891712E+01
  0.51043178E+00  0.86901596E+01
  0.53169977E+00  0.86900754E+01
  0.55296776E+00  0.86890290E+01
  0.57423575E+00  0.86871295E+01
  0.59550374E+00  0.86844844E+01
  0.61677173E+00  0.86811987E+01
  0.63803972E+00  0.86773745E+01
  0.65930771E+00  0.86731107E+01
  0.68057571E+00  0.86685020E+01
  0.70184370E+00  0.86636391E+01
  0.72311169E+00  0.86586080E+01
  0.74437968E+00  0.86534898E+01
  0.76564767E+00  0.86483608E+01
  0.78691566E+00  0.86432917E+01
  0.80818365E+00  0.86383479E+01
  0.82945164E+00  0.86335895E+01
  0.85071963E+00  0.86290709E+01
  0.87198762E+00  0.86248414E+01
  0.89325561E+00  0.86209447E+01
  0.91452360E+00  0.86174192E+01
  0.93579160E+00  0.86142985E+01
  0.95705959E+00  0.86116110E+01
  0.97832758E+00  0.86093805E+01
  0.99959557E+00  0.86076261E+01
  0.10208636E+01  0.86063626E+01
  0.10421315E+01  0.86056004E+01
  0.10633995E+01  0.86053456E+01
  0.10847502E+01  0.86062516E+01
  0.11061010E+01  0.86089689E+01
  0.11274517E+01  0.86134954E+01
  0.11488024E+01  0.86198278E+01
  0.11701531E+01  0.86279616E+01
  0.11915038E+01  0.86378911E+01
  0.12128545E+01  0.86496096E+01
  0.12342052E+01  0.86631097E+01
  0.12555559E+01  0.86783832E+01
  0.12769066E+01  0.86954214E+01
  0.12982573E+01  0.87142147E+01
  0.13196080E+01  0.87347531E+01
  0.13409587E+01  0.87570260E+01
  0.13623094E+01  0.87810220E+01
  0.13836601E+01  0.88067287E+01
  0.14050109E+01  0.88341329E+01
  0.14263616E+01  0.88632199E+01
  0.14477123E+01  0.88939736E+01
  0.14690630E+01  0.89263759E+01
  0.14904137E+01  0.89604073E+01
  0.15117644E+01  0.89960458E+01
  0.15331151E+01  0.90332674E+01
  0.15544658E+01  0.90720460E+01
  0.15758165E+01  0.91123529E+01
  0.15971672E+01  0.91541578E+01
  0.16185179E+01  0.91974279E+01
  0.16398686E+01  0.92421287E+01
  0.16612193E+01  0.92882241E+01
  0.16825700E+01  0.93356762E+01
  0.17039208E+01  0.93844459E+01
  0.17252715E+01  0.94344923E+01
  0.17466222E+01  0.94857732E+01
  0.17679729E+01  0.95382446E+01
  0.17893236E+01  0.95918604E+01
  0.18106743E+01  0.96465715E+01
  0.18320250E+01  0.97023255E+01
  0.18533757E+01  0.97590654E+01
  0.18747264E+01  0.98167283E+01
  0.18960771E+01  0.98752441E+01
  0.19174278E+01  0.99345338E+01
  0.19387785E+01  0.99945074E+01
  0.19601292E+01  0.10055062E+02
  0.19814799E+01  0.10116078E+02
  0.20028307E+01  0.10177418E+02
  0.20241814E+01  0.10238923E+02
  0.20455321E+01  0.10300408E+02
  0.20668828E+01  0.10361656E+02
  0.20882335E+01  0.10422417E+02
  0.21095842E+01  0.10482396E+02
  0.21309349E+01  0.10541248E+02
  0.21522856E+01  0.10598570E+02
  0.21736363E+01  0.10653888E+02
  0.21949870E+01  0.10706650E+02
  0.22163377E+01  0.10756215E+02
  0.22376884E+01  0.10801846E+02
  0.22590391E+01  0.10842722E+02
  0.22803898E+01  0.10877950E+02
  0.23017406E+01  0.10906615E+02
  0.23230913E+01  0.10927846E+02
  0.23444420E+01  0.10940915E+02
  0.23657927E+01  0.10945329E+02
  0.23869740E+01  0.10943169E+02
  0.24081553E+01  0.10936739E+02
  0.24293366E+01  0.10926189E+02
  0.24505180E+01  0.10911754E+02
  0.24716993E+01  0.10893730E+02
  0.24928806E+01  0.10872460E+02
  0.25140619E+01  0.10848307E+02
  0.25352433E+01  0.10821638E+02
  0.25564246E+01  0.10792812E+02
  0.25776059E+01  0.10762171E+02
  0.25987872E+01  0.10730034E+02
  0.26199686E+01  0.10696695E+02
  0.26411499E+01  0.10662423E+02
  0.26623312E+01  0.10627461E+02
  0.26835125E+01  0.10592032E+02
  0.27046939E+01  0.10556334E+02
  0.27258752E+01  0.10520546E+02
  0.27470565E+01  0.10484832E+02
  0.27682378E+01  0.10449336E+02
  0.27894192E+01  0.10414186E+02
  0.28106005E+01  0.10379495E+02
  0.28317818E+01  0.10345362E+02
  0.28529631E+01  0.10311875E+02
  0.28741445E+01  0.10279108E+02
  0.28953258E+01  0.10247124E+02
  0.29165071E+01  0.10215976E+02
  0.29376884E+01  0.10185705E+02
  0.29588698E+01  0.10156345E+02
  0.29800511E+01  0.10127921E+02
  0.30012324E+01  0.10100450E+02
  0.30224137E+01  0.10073944E+02
  0.30435951E+01  0.10048407E+02
  0.30647764E+01  0.10023840E+02
  0.30859577E+01  0.10000242E+02
  0.31071390E+01  0.99776056E+01
  0.31283204E+01  0.99559254E+01
  0.31495017E+01  0.99351913E+01
  0.31706830E+01  0.99153910E+01
  0.31918643E+01  0.98965128E+01
  0.32130457E+01  0.98785447E+01
  0.32342270E+01  0.98614742E+01
  0.32554083E+01  0.98452883E+01
  0.32765896E+01  0.98299736E+01
  0.32977710E+01  0.98155158E+01
  0.33189523E+01  0.98019001E+01
  0.33401336E+01  0.97891104E+01
  0.33613149E+01  0.97771295E+01
  0.33824963E+01  0.97659385E+01
  0.34036776E+01  0.97555170E+01
  0.34248589E+01  0.97458431E+01
  0.34460402E+01  0.97368928E+01
  0.34672216E+01  0.97286406E+01
  0.34884029E+01  0.97210595E+01
  0.35095842E+01  0.97141217E+01
  0.35307655E+01  0.97077968E+01
  0.35519469E+01  0.97020543E+01
  0.35731282E+01  0.96968631E+01
  0.35943095E+01  0.96921923E+01
  0.36154908E+01  0.96880113E+01
  0.36366722E+01  0.96842899E+01
  0.36578535E+01  0.96809994E+01
  0.36790348E+01  0.96781121E+01
  0.37002161E+01  0.96756024E+01
  0.37213975E+01  0.96734465E+01
  0.37425788E+01  0.96716229E+01
  0.37637601E+01  0.96701128E+01
  0.37849414E+01  0.96688998E+01
  0.38061227E+01  0.96679706E+01
  0.38273041E+01  0.96673144E+01
  0.38484854E+01  0.96669238E+01
  0.38696667E+01  0.96667941E+01
  0.38911506E+01  0.96629167E+01
  0.39126346E+01  0.96513696E+01
  0.39341185E+01  0.96324010E+01
  0.39556024E+01  0.96064063E+01
  0.39770863E+01  0.95739020E+01
  0.39985702E+01  0.95354966E+01
  0.40200541E+01  0.94918598E+01
  0.40415380E+01  0.94436944E+01
  0.40630220E+01  0.93917120E+01
  0.40845059E+01  0.93366144E+01
  0.41059898E+01  0.92790797E+01
  0.41274737E+01  0.92197526E+01
  0.41489576E+01  0.91592395E+01
  0.41704415E+01  0.90981058E+01
  0.41919254E+01  0.90368749E+01
  0.42134094E+01  0.89760293E+01
  0.42348933E+01  0.89160123E+01
  0.42563772E+01  0.88572300E+01
  0.42778611E+01  0.88000538E+01
  0.42993450E+01  0.87448226E+01
  0.43208289E+01  0.86918450E+01
  0.43423129E+01  0.86414015E+01
  0.43637968E+01  0.85937466E+01
  0.43852807E+01  0.85491100E+01
  0.44067646E+01  0.85076985E+01
  0.44282485E+01  0.84696971E+01
  0.44497324E+01  0.84352702E+01
  0.44712163E+01  0.84045627E+01
  0.44927003E+01  0.83777006E+01
  0.45141842E+01  0.83547916E+01
  0.45356681E+01  0.83359262E+01
  0.45571520E+01  0.83211777E+01
  0.45786359E+01  0.83106027E+01
  0.46001198E+01  0.83042415E+01
  0.46216037E+01  0.83021181E+01
  0.46428717E+01  0.83060992E+01
  0.46641397E+01  0.83187810E+01
  0.46854077E+01  0.83404483E+01
  0.47066757E+01  0.83701605E+01
  0.47279437E+01  0.84061725E+01
  0.47492117E+01  0.84465956E+01
  0.47704797E+01  0.84898022E+01
  0.47917477E+01  0.85345235E+01
  0.48130157E+01  0.85797988E+01
  0.48342837E+01  0.86248933E+01
  0.48555516E+01  0.86692279E+01
  0.48768196E+01  0.87123288E+01
  0.48980876E+01  0.87537938E+01
  0.49193556E+01  0.87932706E+01
  0.49406236E+01  0.88304429E+01
  0.49618916E+01  0.88650222E+01
  0.49831596E+01  0.88967431E+01
  0.50044276E+01  0.89253614E+01
  0.50256956E+01  0.89506540E+01
  0.50469636E+01  0.89724200E+01
  0.50682316E+01  0.89904830E+01
  0.50894995E+01  0.90046937E+01
  0.51107675E+01  0.90149322E+01
  0.51320355E+01  0.90211109E+01
  0.51533035E+01  0.90231765E+01
  
  0.00000000E+00  0.12984922E+02
  0.21267991E-01  0.12983161E+02
  0.42535982E-01  0.12978157E+02
  0.63803972E-01  0.12970606E+02
  0.85071963E-01  0.12961352E+02
  0.10633995E+00  0.12951169E+02
  0.12760794E+00  0.12940679E+02
  0.14887594E+00  0.12930345E+02
  0.17014393E+00  0.12920502E+02
  0.19141192E+00  0.12911390E+02
  0.21267991E+00  0.12903176E+02
  0.23394790E+00  0.12895980E+02
  0.25521589E+00  0.12889882E+02
  0.27648388E+00  0.12884936E+02
  0.29775187E+00  0.12881172E+02
  0.31901986E+00  0.12878604E+02
  0.34028785E+00  0.12877234E+02
  0.36155584E+00  0.12877050E+02
  0.38282383E+00  0.12878031E+02
  0.40409183E+00  0.12880149E+02
  0.42535982E+00  0.12883369E+02
  0.44662781E+00  0.12887648E+02
  0.46789580E+00  0.12892940E+02
  0.48916379E+00  0.12899192E+02
  0.51043178E+00  0.12906345E+02
  0.53169977E+00  0.12914337E+02
  0.55296776E+00  0.12923098E+02
  0.57423575E+00  0.12932556E+02
  0.59550374E+00  0.12942631E+02
  0.61677173E+00  0.12953239E+02
  0.63803972E+00  0.12964289E+02
  0.65930771E+00  0.12975686E+02
  0.68057571E+00  0.12987331E+02
  0.70184370E+00  0.12999121E+02
  0.72311169E+00  0.13010950E+02
  0.74437968E+00  0.13022712E+02
  0.76564767E+00  0.13034298E+02
  0.78691566E+00  0.13045604E+02
  0.80818365E+00  0.13056525E+02
  0.82945164E+00  0.13066963E+02
  0.85071963E+00  0.13076823E+02
  0.87198762E+00  0.13086017E+02
  0.89325561E+00  0.13094464E+02
  0.91452360E+00  0.13102091E+02
  0.93579160E+00  0.13108832E+02
  0.95705959E+00  0.13114632E+02
  0.97832758E+00  0.13119443E+02
  0.99959557E+00  0.13123225E+02
  0.10208636E+01  0.13125947E+02
  0.10421315E+01  0.13127590E+02
  0.10633995E+01  0.13128139E+02
  0.10847502E+01  0.13127553E+02
  0.11061010E+01  0.13125799E+02
  0.11274517E+01  0.13122881E+02
  0.11488024E+01  0.13118809E+02
  0.11701531E+01  0.13113598E+02
  0.11915038E+01  0.13107264E+02
  0.12128545E+01  0.13099827E+02
  0.12342052E+01  0.13091313E+02
  0.12555559E+01  0.13081749E+02
  0.12769066E+01  0.13071165E+02
  0.12982573E+01  0.13059595E+02
  0.13196080E+01  0.13047076E+02
  0.13409587E+01  0.13033647E+02
  0.13623094E+01  0.13019349E+02
  0.13836601E+01  0.13004228E+02
  0.14050109E+01  0.12988329E+02
  0.14263616E+01  0.12971701E+02
  0.14477123E+01  0.12954393E+02
  0.14690630E+01  0.12936459E+02
  0.14904137E+01  0.12917951E+02
  0.15117644E+01  0.12898924E+02
  0.15331151E+01  0.12879433E+02
  0.15544658E+01  0.12859536E+02
  0.15758165E+01  0.12839289E+02
  0.15971672E+01  0.12818751E+02
  0.16185179E+01  0.12797978E+02
  0.16398686E+01  0.12777030E+02
  0.16612193E+01  0.12755963E+02
  0.16825700E+01  0.12734836E+02
  0.17039208E+01  0.12713704E+02
  0.17252715E+01  0.12692623E+02
  0.17466222E+01  0.12671650E+02
  0.17679729E+01  0.12650836E+02
  0.17893236E+01  0.12630236E+02
  0.18106743E+01  0.12609900E+02
  0.18320250E+01  0.12589880E+02
  0.18533757E+01  0.12570222E+02
  0.18747264E+01  0.12550975E+02
  0.18960771E+01  0.12532184E+02
  0.19174278E+01  0.12513892E+02
  0.19387785E+01  0.12496141E+02
  0.19601292E+01  0.12478971E+02
  0.19814799E+01  0.12462420E+02
  0.20028307E+01  0.12446523E+02
  0.20241814E+01  0.12431313E+02
  0.20455321E+01  0.12416819E+02
  0.20668828E+01  0.12403069E+02
  0.20882335E+01  0.12390085E+02
  0.21095842E+01  0.12377885E+02
  0.21309349E+01  0.12366483E+02
  0.21522856E+01  0.12355884E+02
  0.21736363E+01  0.12346088E+02
  0.21949870E+01  0.12337083E+02
  0.22163377E+01  0.12328847E+02
  0.22376884E+01  0.12321350E+02
  0.22590391E+01  0.12314566E+02
  0.22803898E+01  0.12308496E+02
  0.23017406E+01  0.12303225E+02
  0.23230913E+01  0.12298983E+02
  0.23444420E+01  0.12296159E+02
  0.23657927E+01  0.12295159E+02
  0.23869740E+01  0.12294648E+02
  0.24081553E+01  0.12293117E+02
  0.24293366E+01  0.12290568E+02
  0.24505180E+01  0.12287010E+02
  0.24716993E+01  0.12282449E+02
  0.24928806E+01  0.12276897E+02
  0.25140619E+01  0.12270367E+02
  0.25352433E+01  0.12262875E+02
  0.25564246E+01  0.12254437E+02
  0.25776059E+01  0.12245074E+02
  0.25987872E+01  0.12234805E+02
  0.26199686E+01  0.12223654E+02
  0.26411499E+01  0.12211645E+02
  0.26623312E+01  0.12198805E+02
  0.26835125E+01  0.12185159E+02
  0.27046939E+01  0.12170737E+02
  0.27258752E+01  0.12155570E+02
  0.27470565E+01  0.12139687E+02
  0.27682378E+01  0.12123123E+02
  0.27894192E+01  0.12105911E+02
  0.28106005E+01  0.12088086E+02
  0.28317818E+01  0.12069685E+02
  0.28529631E+01  0.12050744E+02
  0.28741445E+01  0.12031304E+02
  0.28953258E+01  0.12011403E+02
  0.29165071E+01  0.11991083E+02
  0.29376884E+01  0.11970386E+02
  0.29588698E+01  0.11949353E+02
  0.29800511E+01  0.11928029E+02
  0.30012324E+01  0.11906458E+02
  0.30224137E+01  0.11884684E+02
  0.30435951E+01  0.11862751E+02
  0.30647764E+01  0.11840705E+02
  0.30859577E+01  0.11818591E+02
  0.31071390E+01  0.11796453E+02
  0.31283204E+01  0.11774337E+02
  0.31495017E+01  0.11752285E+02
  0.31706830E+01  0.11730343E+02
  0.31918643E+01  0.11708553E+02
  0.32130457E+01  0.11686956E+02
  0.32342270E+01  0.11665594E+02
  0.32554083E+01  0.11644508E+02
  0.32765896E+01  0.11623738E+02
  0.32977710E+01  0.11603320E+02
  0.33189523E+01  0.11583294E+02
  0.33401336E+01  0.11563695E+02
  0.33613149E+01  0.11544560E+02
  0.33824963E+01  0.11525922E+02
  0.34036776E+01  0.11507814E+02
  0.34248589E+01  0.11490271E+02
  0.34460402E+01  0.11473322E+02
  0.34672216E+01  0.11456999E+02
  0.34884029E+01  0.11441330E+02
  0.35095842E+01  0.11426344E+02
  0.35307655E+01  0.11412068E+02
  0.35519469E+01  0.11398528E+02
  0.35731282E+01  0.11385746E+02
  0.35943095E+01  0.11373748E+02
  0.36154908E+01  0.11362553E+02
  0.36366722E+01  0.11352182E+02
  0.36578535E+01  0.11342653E+02
  0.36790348E+01  0.11333982E+02
  0.37002161E+01  0.11326185E+02
  0.37213975E+01  0.11319275E+02
  0.37425788E+01  0.11313263E+02
  0.37637601E+01  0.11308159E+02
  0.37849414E+01  0.11303972E+02
  0.38061227E+01  0.11300709E+02
  0.38273041E+01  0.11298374E+02
  0.38484854E+01  0.11296972E+02
  0.38696667E+01  0.11296504E+02
  0.38911506E+01  0.11300766E+02
  0.39126346E+01  0.11313408E+02
  0.39341185E+01  0.11334015E+02
  0.39556024E+01  0.11361962E+02
  0.39770863E+01  0.11396486E+02
  0.39985702E+01  0.11436760E+02
  0.40200541E+01  0.11481954E+02
  0.40415380E+01  0.11531276E+02
  0.40630220E+01  0.11584001E+02
  0.40845059E+01  0.11639474E+02
  0.41059898E+01  0.11697118E+02
  0.41274737E+01  0.11756425E+02
  0.41489576E+01  0.11816949E+02
  0.41704415E+01  0.11878303E+02
  0.41919254E+01  0.11940144E+02
  0.42134094E+01  0.12002171E+02
  0.42348933E+01  0.12064118E+02
  0.42563772E+01  0.12125749E+02
  0.42778611E+01  0.12186853E+02
  0.42993450E+01  0.12247239E+02
  0.43208289E+01  0.12306739E+02
  0.43423129E+01  0.12365198E+02
  0.43637968E+01  0.12422480E+02
  0.43852807E+01  0.12478461E+02
  0.44067646E+01  0.12533030E+02
  0.44282485E+01  0.12586089E+02
  0.44497324E+01  0.12637551E+02
  0.44712163E+01  0.12687340E+02
  0.44927003E+01  0.12735393E+02
  0.45141842E+01  0.12781655E+02
  0.45356681E+01  0.12826083E+02
  0.45571520E+01  0.12868643E+02
  0.45786359E+01  0.12909310E+02
  0.46001198E+01  0.12948072E+02
  0.46216037E+01  0.12984922E+02
  0.46428717E+01  0.12958548E+02
  0.46641397E+01  0.12929977E+02
  0.46854077E+01  0.12899655E+02
  0.47066757E+01  0.12867996E+02
  0.47279437E+01  0.12835374E+02
  0.47492117E+01  0.12802123E+02
  0.47704797E+01  0.12768547E+02
  0.47917477E+01  0.12734929E+02
  0.48130157E+01  0.12701529E+02
  0.48342837E+01  0.12668601E+02
  0.48555516E+01  0.12636384E+02
  0.48768196E+01  0.12605113E+02
  0.48980876E+01  0.12575016E+02
  0.49193556E+01  0.12546318E+02
  0.49406236E+01  0.12519233E+02
  0.49618916E+01  0.12493974E+02
  0.49831596E+01  0.12470741E+02
  0.50044276E+01  0.12449727E+02
  0.50256956E+01  0.12431111E+02
  0.50469636E+01  0.12415056E+02
  0.50682316E+01  0.12401708E+02
  0.50894995E+01  0.12391192E+02
  0.51107675E+01  0.12383606E+02
  0.51320355E+01  0.12379025E+02
  0.51533035E+01  0.12377492E+02
  
  0.00000000E+00  0.12984922E+02
  0.21267991E-01  0.12984949E+02
  0.42535982E-01  0.12985044E+02
  0.63803972E-01  0.12985241E+02
  0.85071963E-01  0.12985593E+02
  0.10633995E+00  0.12986169E+02
  0.12760794E+00  0.12987042E+02
  0.14887594E+00  0.12988290E+02
  0.17014393E+00  0.12989985E+02
  0.19141192E+00  0.12992189E+02
  0.21267991E+00  0.12994952E+02
  0.23394790E+00  0.12998307E+02
  0.25521589E+00  0.13002272E+02
  0.27648388E+00  0.13006843E+02
  0.29775187E+00  0.13012004E+02
  0.31901986E+00  0.13017719E+02
  0.34028785E+00  0.13023936E+02
  0.36155584E+00  0.13030591E+02
  0.38282383E+00  0.13037609E+02
  0.40409183E+00  0.13044902E+02
  0.42535982E+00  0.13052377E+02
  0.44662781E+00  0.13059933E+02
  0.46789580E+00  0.13067469E+02
  0.48916379E+00  0.13074882E+02
  0.51043178E+00  0.13082071E+02
  0.53169977E+00  0.13088943E+02
  0.55296776E+00  0.13095413E+02
  0.57423575E+00  0.13101407E+02
  0.59550374E+00  0.13106868E+02
  0.61677173E+00  0.13111754E+02
  0.63803972E+00  0.13116041E+02
  0.65930771E+00  0.13119722E+02
  0.68057571E+00  0.13122809E+02
  0.70184370E+00  0.13125327E+02
  0.72311169E+00  0.13127314E+02
  0.74437968E+00  0.13128816E+02
  0.76564767E+00  0.13129889E+02
  0.78691566E+00  0.13130588E+02
  0.80818365E+00  0.13130972E+02
  0.82945164E+00  0.13131098E+02
  0.85071963E+00  0.13131021E+02
  0.87198762E+00  0.13130794E+02
  0.89325561E+00  0.13130463E+02
  0.91452360E+00  0.13130070E+02
  0.93579160E+00  0.13129655E+02
  0.95705959E+00  0.13129248E+02
  0.97832758E+00  0.13128878E+02
  0.99959557E+00  0.13128568E+02
  0.10208636E+01  0.13128333E+02
  0.10421315E+01  0.13128188E+02
  0.10633995E+01  0.13128139E+02
  0.10847502E+01  0.13127553E+02
  0.11061010E+01  0.13125799E+02
  0.11274517E+01  0.13122881E+02
  0.11488024E+01  0.13118809E+02
  0.11701531E+01  0.13113598E+02
  0.11915038E+01  0.13107264E+02
  0.12128545E+01  0.13099827E+02
  0.12342052E+01  0.13091313E+02
  0.12555559E+01  0.13081749E+02
  0.12769066E+01  0.13071165E+02
  0.12982573E+01  0.13059595E+02
  0.13196080E+01  0.13047076E+02
  0.13409587E+01  0.13033647E+02
  0.13623094E+01  0.13019349E+02
  0.13836601E+01  0.13004228E+02
  0.14050109E+01  0.12988329E+02
  0.14263616E+01  0.12971701E+02
  0.14477123E+01  0.12954393E+02
  0.14690630E+01  0.12936459E+02
  0.14904137E+01  0.12917951E+02
  0.15117644E+01  0.12898924E+02
  0.15331151E+01  0.12879433E+02
  0.15544658E+01  0.12859536E+02
  0.15758165E+01  0.12839289E+02
  0.15971672E+01  0.12818751E+02
  0.16185179E+01  0.12797978E+02
  0.16398686E+01  0.12777030E+02
  0.16612193E+01  0.12755963E+02
  0.16825700E+01  0.12734836E+02
  0.17039208E+01  0.12713704E+02
  0.17252715E+01  0.12692623E+02
  0.17466222E+01  0.12671650E+02
  0.17679729E+01  0.12650836E+02
  0.17893236E+01  0.12630236E+02
  0.18106743E+01  0.12609901E+02
  0.18320250E+01  0.12589880E+02
  0.18533757E+01  0.12570222E+02
  0.18747264E+01  0.12550975E+02
  0.18960771E+01  0.12532184E+02
  0.19174278E+01  0.12513892E+02
  0.19387785E+01  0.12496141E+02
  0.19601292E+01  0.12478971E+02
  0.19814799E+01  0.12462420E+02
  0.20028307E+01  0.12446523E+02
  0.20241814E+01  0.12431313E+02
  0.20455321E+01  0.12416819E+02
  0.20668828E+01  0.12403069E+02
  0.20882335E+01  0.12390085E+02
  0.21095842E+01  0.12377885E+02
  0.21309349E+01  0.12366483E+02
  0.21522856E+01  0.12355885E+02
  0.21736363E+01  0.12346088E+02
  0.21949870E+01  0.12337083E+02
  0.22163377E+01  0.12328847E+02
  0.22376884E+01  0.12321350E+02
  0.22590391E+01  0.12314566E+02
  0.22803898E+01  0.12308496E+02
  0.23017406E+01  0.12303225E+02
  0.23230913E+01  0.12298983E+02
  0.23444420E+01  0.12296159E+02
  0.23657927E+01  0.12295159E+02
  0.23869740E+01  0.12297508E+02
  0.24081553E+01  0.12304503E+02
  0.24293366E+01  0.12315984E+02
  0.24505180E+01  0.12331707E+02
  0.24716993E+01  0.12351354E+02
  0.24928806E+01  0.12374563E+02
  0.25140619E+01  0.12400945E+02
  0.25352433E+01  0.12430104E+02
  0.25564246E+01  0.12437807E+02
  0.25776059E+01  0.12441415E+02
  0.25987872E+01  0.12445301E+02
  0.26199686E+01  0.12449451E+02
  0.26411499E+01  0.12453851E+02
  0.26623312E+01  0.12458496E+02
  0.26835125E+01  0.12463380E+02
  0.27046939E+01  0.12468504E+02
  0.27258752E+01  0.12473870E+02
  0.27470565E+01  0.12479483E+02
  0.27682378E+01  0.12485352E+02
  0.27894192E+01  0.12491482E+02
  0.28106005E+01  0.12497880E+02
  0.28317818E+01  0.12504552E+02
  0.28529631E+01  0.12511500E+02
  0.28741445E+01  0.12518723E+02
  0.28953258E+01  0.12526217E+02
  0.29165071E+01  0.12533973E+02
  0.29376884E+01  0.12541978E+02
  0.29588698E+01  0.12550212E+02
  0.29800511E+01  0.12558656E+02
  0.30012324E+01  0.12567283E+02
  0.30224137E+01  0.12576064E+02
  0.30435951E+01  0.12584970E+02
  0.30647764E+01  0.12593968E+02
  0.30859577E+01  0.12603025E+02
  0.31071390E+01  0.12612109E+02
  0.31283204E+01  0.12621190E+02
  0.31495017E+01  0.12630236E+02
  0.31706830E+01  0.12639222E+02
  0.31918643E+01  0.12648122E+02
  0.32130457E+01  0.12656915E+02
  0.32342270E+01  0.12665581E+02
  0.32554083E+01  0.12674104E+02
  0.32765896E+01  0.12682470E+02
  0.32977710E+01  0.12690667E+02
  0.33189523E+01  0.12698686E+02
  0.33401336E+01  0.12706519E+02
  0.33613149E+01  0.12714158E+02
  0.33824963E+01  0.12721595E+02
  0.34036776E+01  0.12728824E+02
  0.34248589E+01  0.12735839E+02
  0.34460402E+01  0.12742630E+02
  0.34672216E+01  0.12749191E+02
  0.34884029E+01  0.12755512E+02
  0.35095842E+01  0.12761583E+02
  0.35307655E+01  0.12767394E+02
  0.35519469E+01  0.12772932E+02
  0.35731282E+01  0.12778187E+02
  0.35943095E+01  0.12783147E+02
  0.36154908E+01  0.12787798E+02
  0.36366722E+01  0.12792129E+02
  0.36578535E+01  0.12796127E+02
  0.36790348E+01  0.12799782E+02
  0.37002161E+01  0.12803083E+02
  0.37213975E+01  0.12806020E+02
  0.37425788E+01  0.12808583E+02
  0.37637601E+01  0.12810766E+02
  0.37849414E+01  0.12812561E+02
  0.38061227E+01  0.12813963E+02
  0.38273041E+01  0.12814968E+02
  0.38484854E+01  0.12815572E+02
  0.38696667E+01  0.12815773E+02
  0.38911506E+01  0.12818623E+02
  0.39126346E+01  0.12827065E+02
  0.39341185E+01  0.12840787E+02
  0.39556024E+01  0.12859283E+02
  0.39770863E+01  0.12881880E+02
  0.39985702E+01  0.12907762E+02
  0.40200541E+01  0.12936003E+02
  0.40415380E+01  0.12965609E+02
  0.40630220E+01  0.12995561E+02
  0.40845059E+01  0.13024877E+02
  0.41059898E+01  0.13052687E+02
  0.41274737E+01  0.13078311E+02
  0.41489576E+01  0.13101311E+02
  0.41704415E+01  0.13121513E+02
  0.41919254E+01  0.13138965E+02
  0.42134094E+01  0.13153879E+02
  0.42348933E+01  0.13166547E+02
  0.42563772E+01  0.13177290E+02
  0.42778611E+01  0.13186410E+02
  0.42993450E+01  0.13194177E+02
  0.43208289E+01  0.13200817E+02
  0.43423129E+01  0.13206519E+02
  0.43637968E+01  0.13211434E+02
  0.43852807E+01  0.13215680E+02
  0.44067646E+01  0.13219355E+02
  0.44282485E+01  0.13222531E+02
  0.44497324E+01  0.13212957E+02
  0.44712163E+01  0.13190635E+02
  0.44927003E+01  0.13166635E+02
  0.45141842E+01  0.13140905E+02
  0.45356681E+01  0.13113400E+02
  0.45571520E+01  0.13084079E+02
  0.45786359E+01  0.13052910E+02
  0.46001198E+01  0.13019864E+02
  0.46216037E+01  0.12984922E+02
  0.46428717E+01  0.13009548E+02
  0.46641397E+01  0.13033154E+02
  0.46854077E+01  0.13055709E+02
  0.47066757E+01  0.13077183E+02
  0.47279437E+01  0.13097552E+02
  0.47492117E+01  0.13116792E+02
  0.47704797E+01  0.13134883E+02
  0.47917477E+01  0.13151809E+02
  0.48130157E+01  0.13167560E+02
  0.48342837E+01  0.13182131E+02
  0.48555516E+01  0.13195525E+02
  0.48768196E+01  0.13207752E+02
  0.48980876E+01  0.13218830E+02
  0.49193556E+01  0.13228786E+02
  0.49406236E+01  0.13237654E+02
  0.49618916E+01  0.13245475E+02
  0.49831596E+01  0.13252295E+02
  0.50044276E+01  0.13258164E+02
  0.50256956E+01  0.13263130E+02
  0.50469636E+01  0.13267240E+02
  0.50682316E+01  0.13270537E+02
  0.50894995E+01  0.13273061E+02
  0.51107675E+01  0.13274840E+02
  0.51320355E+01  0.13275899E+02
  0.51533035E+01  0.13276250E+02
  
  0.00000000E+00  0.13234848E+02
  0.21267991E-01  0.13238063E+02
  0.42535982E-01  0.13247432E+02
  0.63803972E-01  0.13262261E+02
  0.85071963E-01  0.13281711E+02
  0.10633995E+00  0.13305011E+02
  0.12760794E+00  0.13331542E+02
  0.14887594E+00  0.13360843E+02
  0.17014393E+00  0.13392574E+02
  0.19141192E+00  0.13422977E+02
  0.21267991E+00  0.13423845E+02
  0.23394790E+00  0.13424461E+02
  0.25521589E+00  0.13424809E+02
  0.27648388E+00  0.13424893E+02
  0.29775187E+00  0.13424732E+02
  0.31901986E+00  0.13424356E+02
  0.34028785E+00  0.13423808E+02
  0.36155584E+00  0.13423137E+02
  0.38282383E+00  0.13422402E+02
  0.40409183E+00  0.13421664E+02
  0.42535982E+00  0.13420989E+02
  0.44662781E+00  0.13420444E+02
  0.46789580E+00  0.13420095E+02
  0.48916379E+00  0.13420008E+02
  0.51043178E+00  0.13420243E+02
  0.53169977E+00  0.13420853E+02
  0.55296776E+00  0.13421883E+02
  0.57423575E+00  0.13423367E+02
  0.59550374E+00  0.13425322E+02
  0.61677173E+00  0.13427755E+02
  0.63803972E+00  0.13430652E+02
  0.65930771E+00  0.13433986E+02
  0.68057571E+00  0.13437715E+02
  0.70184370E+00  0.13441784E+02
  0.72311169E+00  0.13446129E+02
  0.74437968E+00  0.13450677E+02
  0.76564767E+00  0.13455353E+02
  0.78691566E+00  0.13460080E+02
  0.80818365E+00  0.13464781E+02
  0.82945164E+00  0.13469384E+02
  0.85071963E+00  0.13473819E+02
  0.87198762E+00  0.13478022E+02
  0.89325561E+00  0.13481937E+02
  0.91452360E+00  0.13485511E+02
  0.93579160E+00  0.13488698E+02
  0.95705959E+00  0.13491460E+02
  0.97832758E+00  0.13493764E+02
  0.99959557E+00  0.13495583E+02
  0.10208636E+01  0.13496897E+02
  0.10421315E+01  0.13497691E+02
  0.10633995E+01  0.13497957E+02
  0.10847502E+01  0.13496926E+02
  0.11061010E+01  0.13493842E+02
  0.11274517E+01  0.13488727E+02
  0.11488024E+01  0.13481620E+02
  0.11701531E+01  0.13472571E+02
  0.11915038E+01  0.13461647E+02
  0.12128545E+01  0.13448925E+02
  0.12342052E+01  0.13434494E+02
  0.12555559E+01  0.13418451E+02
  0.12769066E+01  0.13400905E+02
  0.12982573E+01  0.13381969E+02
  0.13196080E+01  0.13361759E+02
  0.13409587E+01  0.13340399E+02
  0.13623094E+01  0.13318010E+02
  0.13836601E+01  0.13294717E+02
  0.14050109E+01  0.13270640E+02
  0.14263616E+01  0.13245898E+02
  0.14477123E+01  0.13220607E+02
  0.14690630E+01  0.13194877E+02
  0.14904137E+01  0.13168811E+02
  0.15117644E+01  0.13142507E+02
  0.15331151E+01  0.13116056E+02
  0.15544658E+01  0.13089542E+02
  0.15758165E+01  0.13063043E+02
  0.15971672E+01  0.13036626E+02
  0.16185179E+01  0.13010356E+02
  0.16398686E+01  0.12984287E+02
  0.16612193E+01  0.12958468E+02
  0.16825700E+01  0.12932943E+02
  0.17039208E+01  0.12907747E+02
  0.17252715E+01  0.12882910E+02
  0.17466222E+01  0.12858456E+02
  0.17679729E+01  0.12834400E+02
  0.17893236E+01  0.12810752E+02
  0.18106743E+01  0.12787516E+02
  0.18320250E+01  0.12764685E+02
  0.18533757E+01  0.12742247E+02
  0.18747264E+01  0.12720180E+02
  0.18960771E+01  0.12698454E+02
  0.19174278E+01  0.12677030E+02
  0.19387785E+01  0.12655862E+02
  0.19601292E+01  0.12634894E+02
  0.19814799E+01  0.12614068E+02
  0.20028307E+01  0.12593318E+02
  0.20241814E+01  0.12572580E+02
  0.20455321E+01  0.12551790E+02
  0.20668828E+01  0.12530893E+02
  0.20882335E+01  0.12509849E+02
  0.21095842E+01  0.12488639E+02
  0.21309349E+01  0.12467279E+02
  0.21522856E+01  0.12445830E+02
  0.21736363E+01  0.12424412E+02
  0.21949870E+01  0.12403220E+02
  0.22163377E+01  0.12382542E+02
  0.22376884E+01  0.12362768E+02
  0.22590391E+01  0.12344394E+02
  0.22803898E+01  0.12328017E+02
  0.23017406E+01  0.12314295E+02
  0.23230913E+01  0.12303889E+02
  0.23444420E+01  0.12297377E+02
  0.23657927E+01  0.12295159E+02
  0.23869740E+01  0.12297508E+02
  0.24081553E+01  0.12304503E+02
  0.24293366E+01  0.12315985E+02
  0.24505180E+01  0.12331707E+02
  0.24716993E+01  0.12351355E+02
  0.24928806E+01  0.12374564E+02
  0.25140619E+01  0.12400946E+02
  0.25352433E+01  0.12430105E+02
  0.25564246E+01  0.12461648E+02
  0.25776059E+01  0.12495204E+02
  0.25987872E+01  0.12530417E+02
  0.26199686E+01  0.12566958E+02
  0.26411499E+01  0.12604521E+02
  0.26623312E+01  0.12642827E+02
  0.26835125E+01  0.12681618E+02
  0.27046939E+01  0.12720658E+02
  0.27258752E+01  0.12759734E+02
  0.27470565E+01  0.12798648E+02
  0.27682378E+01  0.12837221E+02
  0.27894192E+01  0.12875291E+02
  0.28106005E+01  0.12912709E+02
  0.28317818E+01  0.12949342E+02
  0.28529631E+01  0.12985070E+02
  0.28741445E+01  0.13019785E+02
  0.28953258E+01  0.13053393E+02
  0.29165071E+01  0.13085809E+02
  0.29376884E+01  0.13116962E+02
  0.29588698E+01  0.13146790E+02
  0.29800511E+01  0.13175242E+02
  0.30012324E+01  0.13202276E+02
  0.30224137E+01  0.13227861E+02
  0.30435951E+01  0.13251973E+02
  0.30647764E+01  0.13274598E+02
  0.30859577E+01  0.13295729E+02
  0.31071390E+01  0.13315366E+02
  0.31283204E+01  0.13333517E+02
  0.31495017E+01  0.13350194E+02
  0.31706830E+01  0.13365420E+02
  0.31918643E+01  0.13379219E+02
  0.32130457E+01  0.13391623E+02
  0.32342270E+01  0.13402669E+02
  0.32554083E+01  0.13412396E+02
  0.32765896E+01  0.13420852E+02
  0.32977710E+01  0.13428087E+02
  0.33189523E+01  0.13434155E+02
  0.33401336E+01  0.13439116E+02
  0.33613149E+01  0.13443032E+02
  0.33824963E+01  0.13445970E+02
  0.34036776E+01  0.13448001E+02
  0.34248589E+01  0.13449197E+02
  0.34460402E+01  0.13449634E+02
  0.34672216E+01  0.13449391E+02
  0.34884029E+01  0.13448546E+02
  0.35095842E+01  0.13447181E+02
  0.35307655E+01  0.13445377E+02
  0.35519469E+01  0.13443213E+02
  0.35731282E+01  0.13440769E+02
  0.35943095E+01  0.13438123E+02
  0.36154908E+01  0.13435348E+02
  0.36366722E+01  0.13432517E+02
  0.36578535E+01  0.13429696E+02
  0.36790348E+01  0.13426948E+02
  0.37002161E+01  0.13424330E+02
  0.37213975E+01  0.13421896E+02
  0.37425788E+01  0.13409809E+02
  0.37637601E+01  0.13398283E+02
  0.37849414E+01  0.13388618E+02
  0.38061227E+01  0.13380953E+02
  0.38273041E+01  0.13375396E+02
  0.38484854E+01  0.13372029E+02
  0.38696667E+01  0.13370902E+02
  0.38911506E+01  0.13371518E+02
  0.39126346E+01  0.13373387E+02
  0.39341185E+01  0.13376571E+02
  0.39556024E+01  0.13381177E+02
  0.39770863E+01  0.13387361E+02
  0.39985702E+01  0.13395329E+02
  0.40200541E+01  0.13405335E+02
  0.40415380E+01  0.13403876E+02
  0.40630220E+01  0.13401115E+02
  0.40845059E+01  0.13397880E+02
  0.41059898E+01  0.13394124E+02
  0.41274737E+01  0.13389795E+02
  0.41489576E+01  0.13384838E+02
  0.41704415E+01  0.13379193E+02
  0.41919254E+01  0.13372800E+02
  0.42134094E+01  0.13365593E+02
  0.42348933E+01  0.13357507E+02
  0.42563772E+01  0.13348472E+02
  0.42778611E+01  0.13338420E+02
  0.42993450E+01  0.13327279E+02
  0.43208289E+01  0.13314980E+02
  0.43423129E+01  0.13301451E+02
  0.43637968E+01  0.13286623E+02
  0.43852807E+01  0.13270425E+02
  0.44067646E+01  0.13252792E+02
  0.44282485E+01  0.13233656E+02
  0.44497324E+01  0.13225266E+02
  0.44712163E+01  0.13227605E+02
  0.44927003E+01  0.13229581E+02
  0.45141842E+01  0.13231221E+02
  0.45356681E+01  0.13232541E+02
  0.45571520E+01  0.13233556E+02
  0.45786359E+01  0.13234276E+02
  0.46001198E+01  0.13234705E+02
  0.46216037E+01  0.13234848E+02
  0.46428717E+01  0.13236353E+02
  0.46641397E+01  0.13240676E+02
  0.46854077E+01  0.13247518E+02
  0.47066757E+01  0.13256599E+02
  0.47279437E+01  0.13267661E+02
  0.47492117E+01  0.13280467E+02
  0.47704797E+01  0.13294796E+02
  0.47917477E+01  0.13310428E+02
  0.48130157E+01  0.13327147E+02
  0.48342837E+01  0.13344729E+02
  0.48555516E+01  0.13362943E+02
  0.48768196E+01  0.13381550E+02
  0.48980876E+01  0.13400299E+02
  0.49193556E+01  0.13418932E+02
  0.49406236E+01  0.13436293E+02
  0.49618916E+01  0.13438851E+02
  0.49831596E+01  0.13441341E+02
  0.50044276E+01  0.13443708E+02
  0.50256956E+01  0.13445894E+02
  0.50469636E+01  0.13447845E+02
  0.50682316E+01  0.13449514E+02
  0.50894995E+01  0.13450858E+02
  0.51107675E+01  0.13451843E+02
  0.51320355E+01  0.13452444E+02
  0.51533035E+01  0.13452647E+02
  
  0.00000000E+00  0.13413833E+02
  0.21267991E-01  0.13414025E+02
  0.42535982E-01  0.13414583E+02
  0.63803972E-01  0.13415464E+02
  0.85071963E-01  0.13416597E+02
  0.10633995E+00  0.13417898E+02
  0.12760794E+00  0.13419273E+02
  0.14887594E+00  0.13420631E+02
  0.17014393E+00  0.13421889E+02
  0.19141192E+00  0.13426488E+02
  0.21267991E+00  0.13462399E+02
  0.23394790E+00  0.13500165E+02
  0.25521589E+00  0.13539670E+02
  0.27648388E+00  0.13580818E+02
  0.29775187E+00  0.13623524E+02
  0.31901986E+00  0.13667712E+02
  0.34028785E+00  0.13713308E+02
  0.36155584E+00  0.13760245E+02
  0.38282383E+00  0.13808456E+02
  0.40409183E+00  0.13857877E+02
  0.42535982E+00  0.13908447E+02
  0.44662781E+00  0.13960106E+02
  0.46789580E+00  0.14012797E+02
  0.48916379E+00  0.14066463E+02
  0.51043178E+00  0.14121048E+02
  0.53169977E+00  0.14176494E+02
  0.55296776E+00  0.14232739E+02
  0.57423575E+00  0.14289714E+02
  0.59550374E+00  0.14347339E+02
  0.61677173E+00  0.14405519E+02
  0.63803972E+00  0.14464140E+02
  0.65930771E+00  0.14523064E+02
  0.68057571E+00  0.14582125E+02
  0.70184370E+00  0.14641122E+02
  0.72311169E+00  0.14699821E+02
  0.74437968E+00  0.14757949E+02
  0.76564767E+00  0.14815196E+02
  0.78691566E+00  0.14871212E+02
  0.80818365E+00  0.14925613E+02
  0.82945164E+00  0.14977987E+02
  0.85071963E+00  0.15027893E+02
  0.87198762E+00  0.15074880E+02
  0.89325561E+00  0.15118488E+02
  0.91452360E+00  0.15158261E+02
  0.93579160E+00  0.15193762E+02
  0.95705959E+00  0.15224580E+02
  0.97832758E+00  0.15250344E+02
  0.99959557E+00  0.15270735E+02
  0.10208636E+01  0.15285493E+02
  0.10421315E+01  0.15294426E+02
  0.10633995E+01  0.15297417E+02
  0.10847502E+01  0.15296081E+02
  0.11061010E+01  0.15292076E+02
  0.11274517E+01  0.15285404E+02
  0.11488024E+01  0.15276075E+02
  0.11701531E+01  0.15264097E+02
  0.11915038E+01  0.15249485E+02
  0.12128545E+01  0.15232256E+02
  0.12342052E+01  0.15212434E+02
  0.12555559E+01  0.15190045E+02
  0.12769066E+01  0.15165122E+02
  0.12982573E+01  0.15137702E+02
  0.13196080E+01  0.15107830E+02
  0.13409587E+01  0.15075553E+02
  0.13623094E+01  0.15040928E+02
  0.13836601E+01  0.15004015E+02
  0.14050109E+01  0.14964879E+02
  0.14263616E+01  0.14923590E+02
  0.14477123E+01  0.14880222E+02
  0.14690630E+01  0.14834852E+02
  0.14904137E+01  0.14787558E+02
  0.15117644E+01  0.14738421E+02
  0.15331151E+01  0.14687519E+02
  0.15544658E+01  0.14634931E+02
  0.15758165E+01  0.14580734E+02
  0.15971672E+01  0.14525003E+02
  0.16185179E+01  0.14467808E+02
  0.16398686E+01  0.14409218E+02
  0.16612193E+01  0.14349297E+02
  0.16825700E+01  0.14288106E+02
  0.17039208E+01  0.14225705E+02
  0.17252715E+01  0.14162151E+02
  0.17466222E+01  0.14097501E+02
  0.17679729E+01  0.14031813E+02
  0.17893236E+01  0.13965146E+02
  0.18106743E+01  0.13897565E+02
  0.18320250E+01  0.13829138E+02
  0.18533757E+01  0.13759943E+02
  0.18747264E+01  0.13690066E+02
  0.18960771E+01  0.13619602E+02
  0.19174278E+01  0.13548662E+02
  0.19387785E+01  0.13477368E+02
  0.19601292E+01  0.13405860E+02
  0.19814799E+01  0.13334296E+02
  0.20028307E+01  0.13262850E+02
  0.20241814E+01  0.13191724E+02
  0.20455321E+01  0.13121140E+02
  0.20668828E+01  0.13051351E+02
  0.20882335E+01  0.12982647E+02
  0.21095842E+01  0.12915353E+02
  0.21309349E+01  0.12849848E+02
  0.21522856E+01  0.12786566E+02
  0.21736363E+01  0.12726012E+02
  0.21949870E+01  0.12668776E+02
  0.22163377E+01  0.12615535E+02
  0.22376884E+01  0.12567068E+02
  0.22590391E+01  0.12524231E+02
  0.22803898E+01  0.12487918E+02
  0.23017406E+01  0.12458961E+02
  0.23230913E+01  0.12437998E+02
  0.23444420E+01  0.12425370E+02
  0.23657927E+01  0.12421163E+02
  0.23869740E+01  0.12421383E+02
  0.24081553E+01  0.12422042E+02
  0.24293366E+01  0.12423132E+02
  0.24505180E+01  0.12424641E+02
  0.24716993E+01  0.12426552E+02
  0.24928806E+01  0.12428845E+02
  0.25140619E+01  0.12431501E+02
  0.25352433E+01  0.12434495E+02
  0.25564246E+01  0.12461650E+02
  0.25776059E+01  0.12495206E+02
  0.25987872E+01  0.12530420E+02
  0.26199686E+01  0.12566960E+02
  0.26411499E+01  0.12604523E+02
  0.26623312E+01  0.12642829E+02
  0.26835125E+01  0.12681619E+02
  0.27046939E+01  0.12720660E+02
  0.27258752E+01  0.12759735E+02
  0.27470565E+01  0.12798649E+02
  0.27682378E+01  0.12837222E+02
  0.27894192E+01  0.12875293E+02
  0.28106005E+01  0.12912712E+02
  0.28317818E+01  0.12949346E+02
  0.28529631E+01  0.12985074E+02
  0.28741445E+01  0.13019790E+02
  0.28953258E+01  0.13053398E+02
  0.29165071E+01  0.13085814E+02
  0.29376884E+01  0.13116967E+02
  0.29588698E+01  0.13146795E+02
  0.29800511E+01  0.13175246E+02
  0.30012324E+01  0.13202280E+02
  0.30224137E+01  0.13227865E+02
  0.30435951E+01  0.13251976E+02
  0.30647764E+01  0.13274600E+02
  0.30859577E+01  0.13295730E+02
  0.31071390E+01  0.13315367E+02
  0.31283204E+01  0.13333517E+02
  0.31495017E+01  0.13350195E+02
  0.31706830E+01  0.13365422E+02
  0.31918643E+01  0.13379221E+02
  0.32130457E+01  0.13391625E+02
  0.32342270E+01  0.13402671E+02
  0.32554083E+01  0.13412398E+02
  0.32765896E+01  0.13420854E+02
  0.32977710E+01  0.13428089E+02
  0.33189523E+01  0.13434157E+02
  0.33401336E+01  0.13439117E+02
  0.33613149E+01  0.13443033E+02
  0.33824963E+01  0.13445971E+02
  0.34036776E+01  0.13448002E+02
  0.34248589E+01  0.13449197E+02
  0.34460402E+01  0.13449634E+02
  0.34672216E+01  0.13449391E+02
  0.34884029E+01  0.13448546E+02
  0.35095842E+01  0.13447181E+02
  0.35307655E+01  0.13445377E+02
  0.35519469E+01  0.13443213E+02
  0.35731282E+01  0.13440769E+02
  0.35943095E+01  0.13438123E+02
  0.36154908E+01  0.13435348E+02
  0.36366722E+01  0.13432517E+02
  0.36578535E+01  0.13429696E+02
  0.36790348E+01  0.13426948E+02
  0.37002161E+01  0.13424330E+02
  0.37213975E+01  0.13421896E+02
  0.37425788E+01  0.13419691E+02
  0.37637601E+01  0.13417757E+02
  0.37849414E+01  0.13416127E+02
  0.38061227E+01  0.13414830E+02
  0.38273041E+01  0.13413887E+02
  0.38484854E+01  0.13413316E+02
  0.38696667E+01  0.13413124E+02
  0.38911506E+01  0.13412994E+02
  0.39126346E+01  0.13412600E+02
  0.39341185E+01  0.13411934E+02
  0.39556024E+01  0.13410984E+02
  0.39770863E+01  0.13409729E+02
  0.39985702E+01  0.13408147E+02
  0.40200541E+01  0.13406207E+02
  0.40415380E+01  0.13413177E+02
  0.40630220E+01  0.13413195E+02
  0.40845059E+01  0.13413218E+02
  0.41059898E+01  0.13413244E+02
  0.41274737E+01  0.13413273E+02
  0.41489576E+01  0.13413306E+02
  0.41704415E+01  0.13413342E+02
  0.41919254E+01  0.13413380E+02
  0.42134094E+01  0.13413420E+02
  0.42348933E+01  0.13413461E+02
  0.42563772E+01  0.13413502E+02
  0.42778611E+01  0.13413543E+02
  0.42993450E+01  0.13413582E+02
  0.43208289E+01  0.13413619E+02
  0.43423129E+01  0.13413654E+02
  0.43637968E+01  0.13413686E+02
  0.43852807E+01  0.13413714E+02
  0.44067646E+01  0.13413739E+02
  0.44282485E+01  0.13413761E+02
  0.44497324E+01  0.13413779E+02
  0.44712163E+01  0.13413794E+02
  0.44927003E+01  0.13413806E+02
  0.45141842E+01  0.13413815E+02
  0.45356681E+01  0.13413822E+02
  0.45571520E+01  0.13413827E+02
  0.45786359E+01  0.13413831E+02
  0.46001198E+01  0.13413833E+02
  0.46216037E+01  0.13413833E+02
  0.46428717E+01  0.13413931E+02
  0.46641397E+01  0.13414227E+02
  0.46854077E+01  0.13414730E+02
  0.47066757E+01  0.13415444E+02
  0.47279437E+01  0.13416374E+02
  0.47492117E+01  0.13417522E+02
  0.47704797E+01  0.13418889E+02
  0.47917477E+01  0.13420472E+02
  0.48130157E+01  0.13422263E+02
  0.48342837E+01  0.13424252E+02
  0.48555516E+01  0.13426421E+02
  0.48768196E+01  0.13428744E+02
  0.48980876E+01  0.13431191E+02
  0.49193556E+01  0.13433722E+02
  0.49406236E+01  0.13437186E+02
  0.49618916E+01  0.13454792E+02
  0.49831596E+01  0.13471479E+02
  0.50044276E+01  0.13486982E+02
  0.50256956E+01  0.13501043E+02
  0.50469636E+01  0.13513419E+02
  0.50682316E+01  0.13523887E+02
  0.50894995E+01  0.13532249E+02
  0.51107675E+01  0.13538344E+02
  0.51320355E+01  0.13542052E+02
  0.51533035E+01  0.13543296E+02
  
  0.00000000E+00  0.14042743E+02
  0.21267991E-01  0.14044311E+02
  0.42535982E-01  0.14049008E+02
  0.63803972E-01  0.14056814E+02
  0.85071963E-01  0.14067690E+02
  0.10633995E+00  0.14081583E+02
  0.12760794E+00  0.14098415E+02
  0.14887594E+00  0.14118090E+02
  0.17014393E+00  0.14140486E+02
  0.19141192E+00  0.14165460E+02
  0.21267991E+00  0.14192848E+02
  0.23394790E+00  0.14222466E+02
  0.25521589E+00  0.14254119E+02
  0.27648388E+00  0.14287598E+02
  0.29775187E+00  0.14322686E+02
  0.31901986E+00  0.14359165E+02
  0.34028785E+00  0.14396812E+02
  0.36155584E+00  0.14435410E+02
  0.38282383E+00  0.14474744E+02
  0.40409183E+00  0.14514604E+02
  0.42535982E+00  0.14554789E+02
  0.44662781E+00  0.14595107E+02
  0.46789580E+00  0.14635374E+02
  0.48916379E+00  0.14675417E+02
  0.51043178E+00  0.14715073E+02
  0.53169977E+00  0.14754190E+02
  0.55296776E+00  0.14792628E+02
  0.57423575E+00  0.14830257E+02
  0.59550374E+00  0.14866956E+02
  0.61677173E+00  0.14902617E+02
  0.63803972E+00  0.14937140E+02
  0.65930771E+00  0.14970434E+02
  0.68057571E+00  0.15002418E+02
  0.70184370E+00  0.15033018E+02
  0.72311169E+00  0.15062167E+02
  0.74437968E+00  0.15089807E+02
  0.76564767E+00  0.15115884E+02
  0.78691566E+00  0.15140349E+02
  0.80818365E+00  0.15163160E+02
  0.82945164E+00  0.15184278E+02
  0.85071963E+00  0.15203669E+02
  0.87198762E+00  0.15221303E+02
  0.89325561E+00  0.15237152E+02
  0.91452360E+00  0.15251191E+02
  0.93579160E+00  0.15263401E+02
  0.95705959E+00  0.15273763E+02
  0.97832758E+00  0.15282262E+02
  0.99959557E+00  0.15288885E+02
  0.10208636E+01  0.15293623E+02
  0.10421315E+01  0.15296468E+02
  0.10633995E+01  0.15297417E+02
  0.10847502E+01  0.15296081E+02
  0.11061010E+01  0.15292076E+02
  0.11274517E+01  0.15285405E+02
  0.11488024E+01  0.15276075E+02
  0.11701531E+01  0.15264097E+02
  0.11915038E+01  0.15249485E+02
  0.12128545E+01  0.15232257E+02
  0.12342052E+01  0.15212435E+02
  0.12555559E+01  0.15190047E+02
  0.12769066E+01  0.15165123E+02
  0.12982573E+01  0.15137703E+02
  0.13196080E+01  0.15107831E+02
  0.13409587E+01  0.15075554E+02
  0.13623094E+01  0.15040928E+02
  0.13836601E+01  0.15004015E+02
  0.14050109E+01  0.14964879E+02
  0.14263616E+01  0.14923590E+02
  0.14477123E+01  0.14880223E+02
  0.14690630E+01  0.14834853E+02
  0.14904137E+01  0.14787560E+02
  0.15117644E+01  0.14738423E+02
  0.15331151E+01  0.14687521E+02
  0.15544658E+01  0.14634934E+02
  0.15758165E+01  0.14580737E+02
  0.15971672E+01  0.14525006E+02
  0.16185179E+01  0.14467811E+02
  0.16398686E+01  0.14409220E+02
  0.16612193E+01  0.14349298E+02
  0.16825700E+01  0.14288107E+02
  0.17039208E+01  0.14225706E+02
  0.17252715E+01  0.14162152E+02
  0.17466222E+01  0.14097502E+02
  0.17679729E+01  0.14031815E+02
  0.17893236E+01  0.13965148E+02
  0.18106743E+01  0.13897568E+02
  0.18320250E+01  0.13829141E+02
  0.18533757E+01  0.13759947E+02
  0.18747264E+01  0.13690069E+02
  0.18960771E+01  0.13619606E+02
  0.19174278E+01  0.13548665E+02
  0.19387785E+01  0.13477371E+02
  0.19601292E+01  0.13405863E+02
  0.19814799E+01  0.13334298E+02
  0.20028307E+01  0.13262852E+02
  0.20241814E+01  0.13191724E+02
  0.20455321E+01  0.13121140E+02
  0.20668828E+01  0.13051352E+02
  0.20882335E+01  0.12982648E+02
  0.21095842E+01  0.12915355E+02
  0.21309349E+01  0.12849850E+02
  0.21522856E+01  0.12786569E+02
  0.21736363E+01  0.12726015E+02
  0.21949870E+01  0.12668778E+02
  0.22163377E+01  0.12615538E+02
  0.22376884E+01  0.12567070E+02
  0.22590391E+01  0.12524233E+02
  0.22803898E+01  0.12487919E+02
  0.23017406E+01  0.12458962E+02
  0.23230913E+01  0.12437999E+02
  0.23444420E+01  0.12425370E+02
  0.23657927E+01  0.12421163E+02
  0.23869740E+01  0.12429151E+02
  0.24081553E+01  0.12452314E+02
  0.24293366E+01  0.12488527E+02
  0.24505180E+01  0.12534965E+02
  0.24716993E+01  0.12588718E+02
  0.24928806E+01  0.12647185E+02
  0.25140619E+01  0.12708218E+02
  0.25352433E+01  0.12770133E+02
  0.25564246E+01  0.12831655E+02
  0.25776059E+01  0.12891844E+02
  0.25987872E+01  0.12950028E+02
  0.26199686E+01  0.13005749E+02
  0.26411499E+01  0.13058721E+02
  0.26623312E+01  0.13108789E+02
  0.26835125E+01  0.13155908E+02
  0.27046939E+01  0.13200111E+02
  0.27258752E+01  0.13241501E+02
  0.27470565E+01  0.13280221E+02
  0.27682378E+01  0.13316450E+02
  0.27894192E+01  0.13350384E+02
  0.28106005E+01  0.13382226E+02
  0.28317818E+01  0.13412176E+02
  0.28529631E+01  0.13440424E+02
  0.28741445E+01  0.13467140E+02
  0.28953258E+01  0.13492471E+02
  0.29165071E+01  0.13516536E+02
  0.29376884E+01  0.13539425E+02
  0.29588698E+01  0.13561195E+02
  0.29800511E+01  0.13581876E+02
  0.30012324E+01  0.13601466E+02
  0.30224137E+01  0.13619938E+02
  0.30435951E+01  0.13637242E+02
  0.30647764E+01  0.13653310E+02
  0.30859577E+01  0.13668060E+02
  0.31071390E+01  0.13681401E+02
  0.31283204E+01  0.13693236E+02
  0.31495017E+01  0.13703470E+02
  0.31706830E+01  0.13712013E+02
  0.31918643E+01  0.13718781E+02
  0.32130457E+01  0.13723707E+02
  0.32342270E+01  0.13726734E+02
  0.32554083E+01  0.13727824E+02
  0.32765896E+01  0.13726960E+02
  0.32977710E+01  0.13724142E+02
  0.33189523E+01  0.13719392E+02
  0.33401336E+01  0.13712753E+02
  0.33613149E+01  0.13704289E+02
  0.33824963E+01  0.13694082E+02
  0.34036776E+01  0.13682235E+02
  0.34248589E+01  0.13668869E+02
  0.34460402E+01  0.13654122E+02
  0.34672216E+01  0.13638149E+02
  0.34884029E+01  0.13621120E+02
  0.35095842E+01  0.13603218E+02
  0.35307655E+01  0.13584638E+02
  0.35519469E+01  0.13565586E+02
  0.35731282E+01  0.13546280E+02
  0.35943095E+01  0.13526940E+02
  0.36154908E+01  0.13507797E+02
  0.36366722E+01  0.13489080E+02
  0.36578535E+01  0.13471021E+02
  0.36790348E+01  0.13453848E+02
  0.37002161E+01  0.13437782E+02
  0.37213975E+01  0.13423036E+02
  0.37425788E+01  0.13419691E+02
  0.37637601E+01  0.13417757E+02
  0.37849414E+01  0.13416127E+02
  0.38061227E+01  0.13414830E+02
  0.38273041E+01  0.13413887E+02
  0.38484854E+01  0.13413316E+02
  0.38696667E+01  0.13413124E+02
  0.38911506E+01  0.13413125E+02
  0.39126346E+01  0.13413126E+02
  0.39341185E+01  0.13413129E+02
  0.39556024E+01  0.13413134E+02
  0.39770863E+01  0.13413141E+02
  0.39985702E+01  0.13413150E+02
  0.40200541E+01  0.13413162E+02
  0.40415380E+01  0.13417677E+02
  0.40630220E+01  0.13432674E+02
  0.40845059E+01  0.13450621E+02
  0.41059898E+01  0.13471737E+02
  0.41274737E+01  0.13496093E+02
  0.41489576E+01  0.13523564E+02
  0.41704415E+01  0.13553817E+02
  0.41919254E+01  0.13586346E+02
  0.42134094E+01  0.13620539E+02
  0.42348933E+01  0.13655746E+02
  0.42563772E+01  0.13691341E+02
  0.42778611E+01  0.13726759E+02
  0.42993450E+01  0.13761506E+02
  0.43208289E+01  0.13795166E+02
  0.43423129E+01  0.13827398E+02
  0.43637968E+01  0.13857921E+02
  0.43852807E+01  0.13886513E+02
  0.44067646E+01  0.13912995E+02
  0.44282485E+01  0.13937228E+02
  0.44497324E+01  0.13959105E+02
  0.44712163E+01  0.13978543E+02
  0.44927003E+01  0.13995479E+02
  0.45141842E+01  0.14009869E+02
  0.45356681E+01  0.14021678E+02
  0.45571520E+01  0.14030883E+02
  0.45786359E+01  0.14037468E+02
  0.46001198E+01  0.14041423E+02
  0.46216037E+01  0.14042743E+02
  0.46428717E+01  0.14042873E+02
  0.46641397E+01  0.14043233E+02
  0.46854077E+01  0.14043777E+02
  0.47066757E+01  0.14044459E+02
  0.47279437E+01  0.14045236E+02
  0.47492117E+01  0.14046066E+02
  0.47704797E+01  0.14046912E+02
  0.47917477E+01  0.14047737E+02
  0.48130157E+01  0.14048510E+02
  0.48342837E+01  0.14049202E+02
  0.48555516E+01  0.14049789E+02
  0.48768196E+01  0.14050252E+02
  0.48980876E+01  0.14050578E+02
  0.49193556E+01  0.14050760E+02
  0.49406236E+01  0.14050796E+02
  0.49618916E+01  0.14050695E+02
  0.49831596E+01  0.14050470E+02
  0.50044276E+01  0.14050145E+02
  0.50256956E+01  0.14049749E+02
  0.50469636E+01  0.14049318E+02
  0.50682316E+01  0.14048891E+02
  0.50894995E+01  0.14048507E+02
  0.51107675E+01  0.14048203E+02
  0.51320355E+01  0.14048007E+02
  0.51533035E+01  0.14047940E+02
  
